925 1087
510 923
126 27
462 593
616 503
648 428
16 9
897 688
256 466
845 593
213 234
698 420
284 571
775 587
167 732
471 656
94 594
21 397
205 480
112 108
675 822
297 721
507 653
227 416
257 584
533 415
175 8
597 624
263 240
636 332
754 491
719 186
365 765
581 905
757 724
815 557
513 249
400 260
45 78
672 792
86 847
272 386
792 494
330 814
843 882
802 179
100 678
503 227
720 456
799 753
681 522
103 115
769 648
769 851
668 545
48 373
238 649
655 805
318 48
686 523
831 189
440 241
836 674
628 417
13 556
854 4
31 141
474 572
470 225
204 201
331 240
771 648
156 721
904 599
89 754
585 872
254 610
242 90
301 604
660 220
532 649
20 710
179 790
185 367
797 57
742 880
891 93
641 98
46 613
137 416
126 399
783 643
519 870
267 777
674 715
817 353
757 413
590 620
605 23
274 105
832 804
31 771
842 220
97 244
364 142
498 247
720 102
687 790
59 641
586 427
133 204
258 94
829 362
144 674
410 489
540 424
804 684
606 511
396 496
323 743
515 122
528 653
201 360
462 821
569 906
107 711
488 493
523 101
704 435
895 389
847 608
916 695
894 253
499 184
294 729
14 26
383 632
200 519
275 640
38 428
330 466
429 181
800 410
606 398
852 484
696 807
452 296
128 110
883 529
340 478
36 283
879 742
349 567
803 412
857 276
72 838
664 299
348 710
293 264
690 270
344 359
856 766
189 254
560 349
444 663
661 151
771 715
555 375
105 240
500 585
589 304
275 907
66 344
565 643
110 136
37 739
68 477
552 750
837 790
91 295
681 326
199 134
875 713
560 573
837 184
715 864
153 448
851 153
430 911
629 56
526 334
459 124
702 568
252 622
765 700
312 488
217 692
318 430
809 85
854 485
801 593
626 199
876 61
741 896
456 738
710 443
861 452
78 759
403 343
264 111
333 397
595 543
705 396
392 588
559 916
312 198
181 471
400 925
733 757
460 856
214 507
801 628
767 441
221 67
857 501
291 273
90 687
639 118
448 667
236 468
915 295
610 917
572 732
87 98
28 205
601 539
258 632
134 209
908 713
187 480
745 590
719 663
728 597
711 6
607 389
795 396
62 669
287 369
26 356
96 63
739 919
182 11
771 634
140 873
925 752
467 818
50 665
592 772
902 587
875 287
51 314
804 836
531 4
151 311
583 786
484 520
319 795
268 603
402 297
820 173
735 387
393 435
63 415
223 619
51 50
17 390
73 97
583 26
548 8
43 104
923 252
227 609
251 582
576 499
159 662
474 299
147 387
279 839
10 560
595 692
797 709
196 163
42 325
401 82
98 339
878 453
499 784
66 776
215 534
346 118
755 729
86 688
132 493
862 369
871 549
175 168
90 689
2 559
545 886
678 592
552 836
600 265
16 261
328 641
43 383
426 397
223 901
461 784
200 638
798 196
412 596
844 67
598 166
80 537
803 484
529 484
442 420
610 711
298 261
756 396
341 26
488 679
859 110
103 483
550 299
83 39
238 739
304 192
349 417
136 531
238 694
803 819
611 134
149 331
75 88
156 794
304 259
361 166
419 475
154 911
677 31
816 746
268 231
17 523
920 378
233 505
683 545
128 614
913 889
337 396
367 675
192 393
447 714
844 776
556 850
661 607
743 26
55 401
816 899
20 596
520 451
911 316
380 219
139 562
528 88
69 738
521 345
862 141
428 917
13 769
78 298
889 671
633 261
361 904
422 426
368 258
407 9
748 828
179 153
310 582
497 77
108 316
822 223
172 839
594 481
410 687
612 349
4 903
561 691
843 614
830 846
180 853
315 300
260 751
840 704
448 402
722 608
553 189
112 347
281 513
455 234
166 300
95 222
80 557
796 294
24 671
204 616
757 628
302 482
437 277
365 792
909 3
207 867
633 120
862 770
648 885
508 643
799 237
350 651
758 178
428 817
237 72
800 41
219 484
542 825
803 635
539 509
219 352
347 670
396 864
337 202
475 370
454 626
470 521
187 755
462 781
179 69
518 633
408 920
545 394
98 696
282 653
629 135
486 463
292 159
484 811
346 338
113 904
43 378
541 544
761 173
129 422
705 860
76 650
134 912
408 575
447 220
699 801
264 122
915 787
68 755
914 859
227 833
720 891
699 563
9 823
89 250
401 308
740 579
318 798
542 260
790 417
873 443
906 612
168 407
335 651
436 20
557 26
113 897
857 231
215 355
328 392
464 309
824 759
297 735
762 679
687 19
712 228
406 913
324 32
34 597
206 431
497 133
807 123
755 539
479 546
724 157
196 122
362 181
386 515
921 52
56 566
216 331
749 746
331 294
624 753
153 564
326 818
336 415
353 684
199 152
512 491
501 909
454 235
146 157
274 486
525 179
99 752
157 121
782 169
73 263
204 436
210 174
536 306
750 645
807 673
454 907
505 377
304 4
511 140
27 359
281 923
84 41
625 332
719 809
844 29
536 381
752 476
716 823
557 640
98 229
611 719
479 806
171 113
331 164
919 319
390 842
852 810
422 33
51 430
840 730
189 758
411 327
920 824
347 726
131 656
84 338
754 591
737 369
174 861
432 806
592 587
129 379
743 154
562 832
234 414
259 161
88 4
353 520
825 827
417 412
562 671
753 334
30 845
283 896
778 456
55 112
569 318
698 609
11 157
478 692
620 327
246 282
364 473
794 79
346 226
451 328
911 459
595 866
894 362
358 343
590 725
115 247
490 3
760 468
831 412
839 707
133 746
893 855
847 802
143 788
116 575
395 585
435 676
273 200
438 334
235 698
761 443
704 708
829 152
432 494
194 654
104 235
375 359
602 530
661 174
853 544
442 407
900 816
621 602
537 295
729 397
279 878
884 748
297 190
91 34
666 486
514 806
121 924
494 470
487 99
483 763
799 485
137 193
184 455
450 776
129 368
35 637
612 558
772 493
404 199
53 367
194 396
127 835
505 591
587 792
575 830
202 175
676 161
780 596
267 875
780 379
8 798
147 305
77 565
372 636
230 855
572 699
834 558
714 778
736 162
397 512
746 276
842 742
596 217
656 426
896 473
682 272
546 258
328 511
755 290
363 457
374 701
725 689
551 860
118 668
489 595
431 784
665 745
432 829
467 595
549 543
297 462
643 246
819 454
438 120
146 773
589 559
806 63
913 161
357 408
296 308
82 647
601 653
873 491
869 474
385 809
502 669
445 869
32 222
393 551
17 398
67 883
107 272
164 679
36 252
649 398
17 297
594 761
329 162
598 721
219 569
350 6
450 183
867 146
161 755
756 262
546 642
85 262
21 547
714 771
296 836
433 816
627 184
469 916
516 271
434 750
307 750
5 782
919 839
169 400
156 801
745 516
775 778
225 362
809 293
573 655
853 242
798 557
561 79
586 869
459 587
202 465
201 441
594 591
10 432
661 471
440 197
299 650
910 397
42 271
316 149
465 821
82 790
709 602
902 920
455 252
602 454
144 562
417 500
523 843
94 314
881 806
370 665
443 917
412 426
637 149
793 48
620 632
781 870
191 699
676 387
169 171
593 132
554 288
400 611
176 647
254 347
295 547
138 587
350 544
82 633
480 244
775 505
742 1
326 554
595 388
393 105
466 48
698 638
791 342
629 497
498 590
545 811
847 880
409 299
117 384
683 874
305 539
160 879
894 873
97 827
204 633
446 456
188 899
897 193
255 872
900 721
918 288
736 898
350 294
138 223
260 772
396 129
466 698
825 595
110 455
589 101
542 277
137 413
241 547
672 510
825 615
886 416
53 595
96 256
181 858
836 68
707 699
113 290
560 576
94 102
650 855
895 307
885 689
227 868
817 433
224 769
456 64
522 225
518 801
908 844
45 709
37 590
332 755
216 492
635 756
578 5
544 771
77 45
788 557
899 620
150 706
819 156
811 843
205 248
115 783
832 77
501 164
870 478
75 284
312 823
595 391
341 589
293 833
788 254
888 379
505 202
920 30
57 43
111 216
143 446
372 756
366 881
232 95
563 571
794 916
737 200
678 610
813 624
758 614
716 426
484 513
409 732
624 177
751 547
483 89
642 620
30 558
467 217
337 374
380 429
509 153
571 130
237 420
196 747
155 555
759 548
237 588
249 478
749 520
907 798
442 311
529 513
193 324
462 59
834 79
686 917
487 293
219 907
646 173
535 897
871 860
918 686
263 759
680 68
839 227
16 619
848 31
310 694
86 332
79 377
890 412
245 808
221 683
772 77
924 578
240 602
497 93
873 402
675 794
879 501
498 116
533 595
843 592
144 843
887 432
692 630
55 106
630 532
445 873
522 134
111 374
389 856
815 835
567 884
784 891
914 710
882 307
161 681
128 767
513 157
788 273
518 593
576 343
44 136
739 79
341 885
900 395
676 837
584 22
96 627
709 722
823 28
49 248
401 182
101 379
917 432
563 42
423 541
550 385
94 486
907 848
146 576
850 278
907 553
32 467
23 328
397 844
577 616
889 843
842 507
438 486
851 128
709 865
90 717
674 68
278 382
90 143
373 633
327 245
206 848
482 489
74 330
151 843
102 391
741 463
573 130
363 422
565 508
460 893
131 167
255 414
198 826
536 789
831 127
659 51
465 684
399 857
252 234
618 685
188 512
406 494
560 48
162 35
629 389
862 580
85 454
538 646
211 587
31 714
889 746
289 789
358 18
320 469
141 24
831 9
54 447
461 47
811 867
143 810
107 445
573 894
809 555
237 723
755 704
381 872
59 386
781 693
819 744
325 94
315 314
451 291
6 198
246 113
785 87
332 179
305 511
278 514
903 106
88 502
24 97
882 360
576 571
433 398
747 843
218 760
147 466
72 400
374 779
424 514
285 584
133 747
871 908
857 531
516 878
573 192
582 702
345 922
548 506
735 534
818 102
304 794
705 28
372 8
565 433
764 396
631 498
