1000 5019
17 979
287 936
787 198
1 215
826 375
856 620
259 450
262 222
763 522
527 136
495 755
914 191
236 650
646 880
10 158
446 608
710 477
323 416
269 25
852 504
954 412
638 57
240 604
422 611
830 433
208 864
177 760
376 108
514 942
875 202
567 693
409 98
878 982
548 423
945 498
350 794
27 594
151 991
852 245
66 264
1000 800
693 349
362 978
652 125
164 23
485 415
696 303
828 667
200 861
494 895
652 759
870 58
311 166
54 738
236 641
826 481
973 334
776 43
794 828
979 654
287 804
48 609
91 824
639 502
140 516
752 533
567 495
396 923
181 779
882 511
196 665
628 239
333 53
939 678
846 576
483 408
501 89
636 127
26 689
325 688
126 622
90 343
401 669
771 481
457 982
846 280
683 214
425 234
951 940
752 567
449 649
204 122
472 598
861 655
660 17
454 304
112 295
572 824
406 857
794 366
704 853
369 732
996 385
779 631
174 83
302 215
613 171
308 107
36 493
565 647
619 545
831 418
996 56
843 234
55 688
38 328
573 392
703 740
777 53
409 440
828 864
834 491
374 901
925 917
867 611
623 360
435 771
585 273
534 582
787 191
951 178
831 128
401 816
46 182
514 193
635 73
415 263
269 977
789 193
20 191
477 74
346 485
426 114
745 714
355 255
951 661
305 534
490 471
939 666
146 373
111 944
980 294
940 757
685 897
868 423
635 865
845 201
374 440
268 365
710 604
327 632
273 193
112 572
149 324
282 654
407 495
222 644
376 129
308 400
808 217
810 271
94 353
629 303
520 173
564 675
225 364
635 536
515 804
934 540
654 753
196 622
548 621
200 62
882 668
313 180
702 446
390 399
891 471
50 544
658 13
91 891
238 53
147 752
484 184
510 135
138 920
487 812
234 404
548 835
970 855
862 729
978 897
381 61
192 507
104 952
1000 909
638 821
802 640
716 788
456 619
458 883
922 840
687 200
925 173
543 857
964 341
947 311
200 37
163 187
988 627
575 631
826 847
321 290
964 644
334 767
812 878
562 537
173 323
466 463
136 761
675 842
988 949
76 607
168 408
574 895
479 546
379 215
7 316
320 542
807 694
88 95
128 2
215 100
145 962
109 108
539 245
76 123
673 549
21 982
902 124
725 823
48 343
523 616
503 730
714 347
914 444
772 850
612 351
760 245
153 457
462 125
482 986
66 359
981 500
157 127
568 18
797 795
435 29
219 856
515 407
62 749
968 572
866 267
302 984
260 347
518 512
78 955
796 98
279 782
453 124
799 408
216 962
583 938
748 304
417 650
123 180
308 644
197 605
95 220
664 160
172 193
980 291
190 28
678 478
215 125
859 332
751 518
805 920
330 865
60 623
665 955
705 870
138 192
800 323
673 950
406 7
35 462
514 58
308 986
455 14
827 33
459 971
243 753
575 489
989 522
669 884
514 994
467 123
964 347
503 841
287 891
56 824
257 969
593 119
846 931
406 892
759 646
50 23
961 609
672 55
157 411
87 180
435 555
306 278
825 100
662 923
2 616
518 522
831 816
687 586
816 28
744 713
764 111
947 108
87 79
750 757
53 753
593 271
34 377
976 423
208 236
43 880
869 464
176 367
69 752
392 213
87 918
418 926
589 154
348 195
518 158
648 201
791 451
697 11
918 290
685 489
573 459
968 901
678 592
254 678
827 407
8 144
577 214
789 32
596 35
321 301
32 312
231 120
215 130
770 128
895 45
535 128
327 280
461 62
154 304
979 10
484 225
670 728
858 889
342 180
95 255
860 324
681 33
908 230
789 635
168 449
217 180
903 365
213 297
814 952
669 512
101 525
602 549
568 184
452 25
272 887
716 173
810 598
638 293
497 48
137 442
716 186
287 341
413 477
513 823
660 962
751 574
3 235
333 155
187 291
177 835
512 644
197 33
16 563
74 355
809 537
257 319
114 471
648 46
171 337
136 205
951 986
687 450
121 669
854 507
305 701
119 321
142 280
651 427
47 676
849 952
527 877
901 90
883 31
6 45
135 561
542 324
69 738
397 299
146 672
530 574
976 650
633 261
248 891
143 441
85 477
381 23
54 103
241 684
174 644
32 869
6 689
683 796
596 49
990 73
264 335
191 193
949 982
399 428
639 125
397 578
515 758
215 786
754 504
851 653
370 718
23 439
460 627
579 341
64 369
781 732
192 853
505 110
583 31
877 616
749 307
822 235
702 783
994 836
307 193
359 219
934 712
959 744
193 473
50 66
251 152
162 904
749 708
418 493
827 902
675 667
296 393
472 337
799 730
333 914
942 512
156 448
817 570
333 491
247 947
774 760
718 732
735 23
928 856
830 256
426 497
833 87
780 985
594 644
609 861
527 650
841 183
77 713
165 58
682 340
703 451
76 545
914 84
227 772
376 74
789 757
402 665
129 887
316 512
866 8
8 579
543 241
628 608
303 230
912 352
566 231
567 239
894 869
660 104
789 844
259 219
443 918
461 267
706 423
155 471
874 965
670 538
431 732
177 988
722 256
821 918
680 107
790 240
369 436
160 895
794 255
78 556
779 242
299 449
155 68
579 349
302 277
639 921
983 379
15 5
515 740
809 524
19 83
149 276
751 421
229 784
905 911
211 400
199 40
670 910
713 943
913 88
773 580
584 481
313 462
95 439
831 674
32 558
492 20
580 697
980 503
764 844
666 792
566 177
687 135
783 620
894 876
515 345
510 271
629 859
630 91
867 842
137 515
834 235
856 335
893 982
696 835
99 729
27 582
379 607
826 775
385 221
387 209
121 858
286 993
108 572
52 377
568 810
272 681
554 141
436 645
226 641
38 768
561 946
10 117
891 708
361 945
585 164
948 389
896 126
661 11
456 16
772 286
96 87
95 444
147 8
342 684
300 596
633 854
181 540
782 772
999 992
736 973
496 107
75 125
187 903
793 411
73 114
243 771
765 485
834 226
526 611
598 572
485 439
659 651
623 987
826 782
204 481
829 445
176 879
642 337
354 31
137 661
103 654
195 171
912 124
773 971
713 893
128 523
455 767
873 405
244 626
553 903
339 798
749 125
86 707
550 755
619 743
96 110
888 692
763 323
687 746
559 673
156 437
854 708
157 103
927 920
520 953
770 408
916 548
683 428
201 213
612 171
98 378
189 230
36 338
227 578
1000 56
308 724
528 891
114 410
719 860
43 471
635 836
156 768
947 576
267 783
244 816
414 519
491 998
538 196
662 500
719 150
314 366
433 140
320 596
706 799
179 493
783 31
235 918
289 495
715 384
868 213
275 962
629 330
538 68
581 471
302 8
485 296
858 274
752 817
190 626
257 921
8 62
441 978
57 86
704 403
199 384
10 755
483 331
891 326
671 49
741 998
431 38
968 8
253 2
589 861
458 567
552 693
573 635
456 843
822 206
75 795
701 938
983 208
795 823
660 309
453 721
455 753
629 29
149 296
541 841
765 942
356 886
160 607
252 410
544 501
531 426
219 969
882 340
6 937
579 771
484 499
673 791
620 122
820 31
569 358
509 469
571 582
1 47
937 650
916 554
702 394
388 761
668 219
282 906
580 341
67 37
124 697
431 47
72 911
907 77
190 231
270 68
839 909
183 368
774 317
904 428
279 406
854 390
999 39
801 914
396 338
215 654
933 559
535 879
907 42
426 797
775 157
745 934
543 385
250 661
215 48
390 824
16 557
313 56
80 290
544 972
523 608
313 405
247 142
556 261
927 631
877 712
680 934
308 879
528 780
864 957
920 266
832 444
919 522
845 822
541 647
66 892
678 55
714 944
453 231
951 360
148 619
297 777
424 446
44 452
535 989
799 291
947 66
56 957
182 323
126 519
379 405
289 57
770 694
461 248
889 850
411 786
268 953
726 585
895 209
397 166
346 136
1 136
170 395
259 883
421 288
168 988
297 338
494 879
745 371
46 183
873 153
88 820
27 800
915 860
54 504
292 83
457 301
773 262
224 942
25 742
373 861
160 646
322 493
422 235
454 557
399 489
916 197
937 517
681 984
287 625
612 385
559 364
447 477
838 839
142 869
912 95
325 875
500 682
787 954
239 416
39 921
977 450
78 652
172 287
990 42
249 65
799 194
747 651
486 251
803 135
490 246
163 36
889 304
992 92
388 924
940 353
101 837
1000 140
800 430
585 451
142 679
143 950
990 828
365 892
99 819
680 397
905 338
339 746
277 995
50 331
834 168
359 815
696 169
827 820
662 312
224 239
7 626
703 374
50 871
69 25
676 55
949 511
838 549
257 732
244 418
981 682
680 715
28 654
283 352
939 176
433 307
930 83
514 508
357 690
793 563
422 287
833 24
247 183
944 897
192 166
764 719
562 758
826 211
947 915
178 457
344 428
185 982
112 786
367 881
740 266
867 898
579 57
372 729
194 540
490 525
930 766
808 853
972 362
510 29
314 165
80 224
670 275
673 29
432 467
765 655
583 392
153 888
289 573
751 519
509 774
643 250
773 42
284 539
575 402
960 404
483 992
201 854
50 420
175 64
696 548
567 180
723 297
595 969
75 436
161 608
521 415
832 222
830 633
179 136
764 710
765 977
587 465
716 187
40 940
98 955
522 51
633 473
617 375
763 240
433 169
158 529
289 691
195 892
56 31
821 976
268 880
554 758
186 556
460 131
172 251
282 792
814 753
525 578
63 979
947 102
361 143
162 703
751 585
614 64
796 769
671 994
50 576
749 148
687 321
468 892
520 443
163 622
139 800
6 903
282 577
138 263
630 506
588 122
134 582
530 155
253 533
513 804
402 861
216 343
497 534
258 620
80 79
67 727
759 204
962 760
579 634
436 784
85 434
113 224
566 291
248 169
200 632
990 928
311 42
617 855
541 427
64 978
943 106
869 784
472 739
97 707
344 525
625 377
808 295
517 571
936 646
573 879
298 867
652 488
617 410
249 93
692 985
72 738
268 958
118 740
678 348
990 194
918 645
278 755
7 467
908 644
67 380
377 129
550 540
435 545
1 30
94 237
352 924
207 534
320 757
42 161
672 756
906 408
638 521
141 335
270 825
988 899
739 971
996 149
403 450
900 524
206 960
947 627
156 839
765 111
486 15
287 511
489 332
966 974
456 462
700 991
331 637
610 307
683 139
791 362
81 935
940 158
458 387
687 437
212 673
530 378
254 607
433 740
461 274
723 842
41 519
155 924
304 218
361 64
643 995
552 844
516 261
999 497
735 558
405 322
499 667
719 616
696 94
320 177
9 923
532 562
882 437
679 445
185 278
993 65
884 219
173 929
119 574
970 214
51 774
586 24
289 602
142 932
668 773
273 158
699 403
77 475
973 486
385 698
794 344
541 226
435 524
927 958
307 545
159 927
474 761
623 849
94 332
369 296
259 281
425 33
902 573
64 84
735 88
637 340
599 413
985 25
125 416
531 165
552 169
988 994
113 591
737 883
863 634
550 920
866 857
613 475
939 911
859 578
675 677
638 571
342 84
588 993
374 173
276 170
629 609
595 506
657 152
16 288
380 961
142 480
109 72
734 414
276 335
955 892
799 698
301 140
479 549
966 755
966 61
931 416
933 881
20 129
623 43
810 601
497 319
794 319
885 809
62 337
671 536
379 581
196 117
915 122
289 224
143 197
291 196
451 303
696 792
494 171
42 488
61 604
868 92
597 288
447 969
21 954
678 134
18 369
42 68
806 451
379 497
611 540
795 555
830 805
523 53
797 654
131 604
67 570
696 994
918 58
691 758
422 776
16 600
956 304
78 275
706 766
564 993
279 585
696 666
973 759
509 782
198 498
588 49
609 412
437 619
591 595
461 266
544 514
778 617
259 34
393 58
561 226
875 106
586 491
751 482
970 906
2 104
898 853
793 198
535 622
112 29
633 391
820 230
253 931
966 923
471 582
208 844
365 394
311 7
833 405
392 995
559 322
52 467
525 920
802 255
968 310
624 963
151 865
292 880
326 161
41 688
480 129
503 108
462 757
357 667
232 141
674 37
984 512
469 210
589 619
581 311
593 646
223 274
681 387
212 225
341 861
858 169
821 926
698 286
493 114
314 689
166 694
888 865
922 493
541 495
317 570
873 409
144 971
552 45
608 218
628 867
538 192
560 93
942 824
461 734
246 820
142 896
109 51
221 921
455 662
520 308
78 726
190 908
401 603
251 174
990 893
381 794
36 356
352 360
96 199
789 141
977 600
101 655
959 984
564 477
528 271
912 537
361 37
470 897
933 674
808 474
510 80
312 649
693 398
494 753
744 55
797 83
891 312
284 394
527 821
380 886
913 724
968 250
714 988
772 375
590 410
259 604
167 383
831 834
243 749
808 781
392 123
419 693
862 867
765 688
713 103
223 914
4 936
901 166
346 467
435 688
376 796
179 290
526 358
657 962
599 412
803 114
484 950
573 850
736 191
974 804
829 921
258 677
961 116
424 106
194 349
35 707
291 224
789 628
277 317
830 886
843 681
9 720
102 290
763 740
541 608
361 356
30 894
435 202
736 360
274 235
654 457
664 287
6 360
704 699
124 108
725 698
10 658
858 986
15 646
730 695
585 85
197 332
731 345
678 832
716 19
410 965
883 408
66 415
719 637
6 504
372 878
62 574
211 224
247 187
212 143
379 649
197 477
589 940
914 421
72 507
76 372
498 281
864 214
172 90
889 920
674 161
414 43
253 474
702 815
916 915
421 475
352 393
683 900
298 93
405 743
257 679
156 807
302 893
480 186
603 832
237 166
69 36
90 878
951 394
111 601
641 599
901 7
134 53
615 25
961 722
484 186
602 62
527 936
417 572
400 766
376 299
807 861
352 893
690 37
4 491
108 389
401 818
865 644
28 497
142 723
474 893
629 451
594 167
591 938
778 352
432 345
113 454
178 437
969 627
515 699
418 506
38 819
370 342
505 430
81 348
852 792
616 865
999 923
910 964
837 135
146 967
327 467
517 724
19 537
274 883
322 529
540 141
409 1000
155 169
925 410
636 550
565 179
803 152
253 870
663 177
771 403
95 403
62 151
484 507
302 614
32 523
363 404
988 462
91 677
827 317
903 936
354 177
467 499
210 151
254 786
177 294
621 13
896 308
680 737
326 892
936 338
505 351
958 337
206 923
725 740
636 1
339 131
656 207
197 572
550 410
456 421
112 186
565 174
996 807
392 928
329 502
414 823
828 226
127 753
700 917
113 213
663 373
752 840
673 836
46 180
67 666
568 692
970 447
201 909
606 609
989 232
4 19
451 351
704 505
60 990
328 316
212 929
552 982
801 399
513 840
789 987
199 944
697 892
402 905
771 605
884 773
867 154
232 516
706 266
172 214
285 860
877 301
329 660
827 760
536 774
664 379
70 454
828 905
81 577
479 26
320 102
636 143
803 89
69 794
401 404
716 55
169 184
866 634
354 679
939 807
742 393
666 548
486 774
584 897
306 152
288 627
91 629
238 13
130 106
791 99
443 554
977 227
685 562
155 414
124 742
494 917
531 684
213 140
639 85
704 595
397 501
517 777
510 686
721 11
630 375
765 312
78 613
482 255
126 742
854 529
291 797
712 661
175 639
215 87
641 114
556 230
348 532
240 634
612 24
696 984
372 79
409 963
248 85
636 134
943 634
975 55
527 908
968 334
783 566
198 114
787 124
587 478
21 214
260 4
300 550
870 85
448 209
582 345
713 158
36 434
771 570
442 774
648 165
867 462
101 702
763 250
139 137
801 86
804 995
585 340
713 674
698 608
704 644
350 989
260 493
960 358
562 861
283 459
302 341
216 876
88 33
641 719
201 838
839 131
111 49
956 978
776 344
6 71
223 406
725 352
159 26
212 661
69 327
895 688
320 171
144 375
808 628
881 98
662 676
22 658
635 95
764 140
593 911
620 286
804 413
939 560
346 21
753 627
81 559
846 485
331 549
299 489
101 146
284 918
376 879
947 517
575 468
987 746
16 960
164 825
785 653
845 777
573 740
939 153
98 667
852 654
778 361
186 851
925 561
32 411
124 324
839 207
803 950
492 672
203 226
594 859
187 83
506 516
985 404
676 504
306 904
432 985
111 979
152 478
78 785
617 667
581 421
66 809
949 569
413 926
105 853
215 278
909 371
364 403
703 557
524 345
947 961
783 367
162 497
552 68
326 851
846 123
936 87
737 389
26 506
409 37
67 404
103 594
34 394
771 883
573 878
101 791
409 982
834 452
201 945
987 986
6 842
696 413
172 747
733 616
989 211
348 221
369 317
574 73
898 290
260 590
871 324
817 533
456 928
43 337
51 140
198 856
72 7
381 3
808 497
933 353
681 915
314 204
460 35
509 413
279 339
778 965
685 415
947 531
406 491
881 992
551 173
2 459
964 876
999 938
583 732
81 950
35 986
783 848
643 366
864 694
782 466
226 851
762 58
101 102
484 114
176 259
243 68
286 375
894 886
698 863
239 317
40 717
331 635
95 482
703 340
944 942
429 170
446 921
527 90
720 70
4 884
862 981
438 393
684 493
632 507
300 608
635 467
528 444
581 863
819 335
496 160
664 652
112 505
901 730
3 56
614 14
744 57
249 816
195 89
693 506
35 963
671 114
418 232
95 911
579 649
581 661
329 421
269 286
877 73
308 324
787 596
94 985
628 411
385 569
574 123
810 936
979 316
359 218
778 376
376 721
178 485
343 957
237 315
314 222
280 621
900 523
372 328
597 742
46 521
361 217
201 666
36 106
484 388
148 89
162 379
666 33
635 727
372 511
388 674
156 854
912 791
958 169
930 23
324 378
142 248
937 785
793 623
866 15
22 444
704 259
903 349
980 270
559 655
828 49
514 870
306 611
492 539
841 861
257 954
737 205
648 224
496 893
443 326
288 807
193 5
194 141
546 86
34 871
969 932
838 686
573 229
370 257
44 501
797 540
635 481
411 251
361 194
987 719
346 310
953 262
664 666
636 406
496 449
424 126
960 336
172 337
192 447
11 853
770 600
30 4
159 493
841 499
434 11
988 211
718 779
21 318
876 924
406 632
723 38
923 245
726 49
302 242
778 988
69 747
916 521
726 208
77 130
956 416
207 580
775 363
190 217
46 861
31 865
272 80
1 438
109 685
586 64
614 897
939 553
575 848
147 104
115 305
455 924
178 221
602 862
197 26
841 753
346 305
146 434
147 119
96 296
115 500
815 556
9 525
472 608
300 155
785 423
163 938
366 167
424 371
514 4
6 963
687 29
484 675
69 731
287 96
487 11
1 193
864 924
573 561
884 191
188 228
207 184
634 404
709 457
138 688
433 512
9 799
767 80
234 652
823 905
40 894
572 655
352 944
866 867
172 371
754 488
944 729
446 626
731 477
107 976
329 781
591 261
935 397
35 150
702 693
791 273
243 176
548 491
381 227
190 631
139 378
429 432
233 311
859 519
331 750
164 729
254 528
737 103
958 39
172 470
232 932
764 837
1 578
782 209
807 525
986 507
52 950
997 393
309 86
113 893
645 626
748 390
946 861
176 437
947 374
876 304
914 72
575 561
882 11
402 372
77 941
81 722
499 383
6 297
834 934
194 604
602 186
178 207
727 56
822 529
399 832
988 886
51 471
847 523
594 477
939 225
576 503
299 511
247 576
819 545
197 322
470 864
72 271
401 687
698 634
40 131
630 898
208 191
743 995
597 929
891 466
575 217
709 242
50 100
638 893
603 819
533 836
954 804
736 28
7 29
673 577
943 890
212 240
305 946
303 667
913 232
382 751
797 221
845 835
308 68
408 389
529 410
30 684
985 832
947 57
213 650
1 839
56 97
737 605
700 140
918 608
361 456
801 994
526 976
34 434
566 411
287 595
327 550
933 455
76 857
519 729
148 641
868 794
443 266
7 501
212 806
908 779
999 273
451 688
808 397
417 427
805 322
666 952
315 129
207 600
249 36
526 627
11 389
17 609
395 653
770 215
727 932
628 124
792 301
646 184
978 278
133 27
902 667
249 195
817 686
380 130
270 619
448 522
454 18
772 358
862 821
224 180
25 389
928 584
959 325
635 204
944 226
176 823
927 428
565 169
821 356
660 723
937 895
296 592
443 860
613 669
27 342
282 210
601 650
718 347
910 554
754 508
588 384
398 740
367 419
187 339
560 796
155 394
272 153
565 549
11 511
126 691
490 763
147 43
296 825
260 266
44 20
159 734
155 59
265 404
735 683
359 705
754 519
43 340
759 463
190 389
544 201
859 316
586 348
633 366
405 245
199 148
327 99
75 394
792 29
556 603
233 646
63 238
690 238
981 477
52 906
18 413
276 444
312 130
862 517
902 364
189 580
868 468
137 550
247 825
909 278
178 864
639 166
804 572
613 759
618 897
438 859
14 45
187 473
958 317
652 632
121 333
528 507
124 238
841 68
118 529
80 721
62 12
67 524
433 892
508 394
253 372
91 89
86 817
827 595
420 27
665 167
629 158
350 348
61 876
615 700
279 192
877 362
970 48
913 143
714 227
327 855
520 18
514 199
683 394
848 784
480 213
704 506
897 757
651 872
854 337
285 383
124 118
659 686
362 850
715 64
994 481
609 998
496 442
279 618
418 536
831 99
119 582
855 681
283 508
88 767
858 921
376 690
735 154
968 579
747 555
257 375
793 293
479 5
407 488
801 165
752 90
952 55
759 794
274 95
854 871
115 682
248 955
153 508
816 268
706 551
525 161
46 369
446 890
70 900
327 844
290 360
57 83
258 84
60 419
170 210
846 611
109 717
27 193
671 23
844 511
770 590
737 513
147 275
577 120
579 195
463 386
472 562
711 366
656 533
274 861
8 200
66 801
116 38
80 616
778 759
215 402
843 347
551 931
1 152
922 246
866 412
666 440
575 484
652 332
96 605
212 766
763 998
51 184
213 358
988 468
62 957
789 651
96 574
8 688
678 851
281 297
346 148
104 89
795 174
69 127
968 994
453 208
678 70
203 712
917 124
629 87
80 226
81 244
739 277
894 646
300 960
528 480
233 945
96 14
553 549
988 807
862 114
458 419
201 362
442 601
172 85
614 723
959 358
411 915
718 220
234 80
455 958
490 230
199 711
365 144
945 695
496 193
149 452
405 554
687 679
46 206
269 258
51 129
90 563
200 47
873 764
223 893
425 385
595 166
461 451
635 920
559 963
49 363
985 774
503 439
544 657
134 114
137 98
366 730
20 905
403 621
172 375
962 622
248 245
302 680
449 436
855 473
983 307
659 562
41 668
408 471
932 97
30 759
728 860
305 366
8 405
420 580
321 114
891 477
86 777
361 459
197 853
306 905
588 16
847 368
138 29
354 689
314 372
172 405
134 981
116 326
833 780
766 53
380 720
843 930
991 122
298 900
776 105
443 426
672 74
802 674
251 936
201 488
518 452
976 11
479 541
902 807
134 445
9 751
670 259
15 553
531 366
401 290
130 301
240 304
41 593
886 957
758 998
559 755
997 508
72 724
746 355
72 740
788 727
790 823
775 679
357 204
200 513
67 811
502 37
214 755
751 562
2 130
701 772
187 445
596 625
354 100
834 881
451 549
405 366
94 708
803 982
770 594
402 571
574 958
722 941
333 112
173 625
706 813
854 487
175 231
252 128
676 738
73 504
625 699
257 574
242 938
459 688
427 689
172 833
113 813
543 937
251 856
713 40
531 49
606 701
588 80
30 675
629 836
222 682
996 150
706 85
646 444
564 901
601 360
476 120
213 626
703 878
624 135
571 384
855 4
203 938
592 336
258 51
611 899
405 694
878 39
440 396
528 445
176 150
31 337
380 258
426 414
664 653
699 235
227 140
833 384
128 185
906 476
623 471
712 697
696 595
987 609
18 140
344 644
240 969
811 457
45 688
697 393
232 87
301 604
107 33
838 503
306 220
34 953
472 268
509 665
422 321
632 404
904 665
870 548
447 264
565 928
302 92
824 358
552 171
953 403
881 158
33 728
269 741
795 679
80 635
975 861
579 28
9 689
981 656
283 613
661 356
664 537
747 978
381 292
752 141
454 624
827 864
663 478
654 738
977 841
483 950
725 214
494 65
47 62
553 303
909 890
268 863
731 323
878 507
805 953
917 932
275 345
612 857
705 839
10 832
735 654
69 744
947 245
508 127
244 115
520 865
857 256
555 74
633 275
961 110
615 167
624 578
143 85
938 478
896 325
606 400
236 842
827 776
440 118
496 115
960 290
995 558
334 668
134 851
873 992
486 530
33 694
216 82
706 51
80 795
435 679
496 450
560 540
176 789
44 899
413 600
52 50
553 627
483 990
348 710
791 537
756 365
369 549
685 140
518 890
166 570
200 870
309 847
308 378
162 610
731 851
254 630
535 532
55 611
739 169
573 994
280 375
338 319
908 682
358 335
69 189
90 82
473 330
71 942
883 220
77 888
795 693
668 445
650 144
442 301
120 304
980 225
526 120
414 529
454 55
94 944
975 931
95 291
740 31
814 439
706 324
559 858
943 17
767 412
788 500
34 83
752 10
473 100
425 973
972 685
992 174
441 408
359 337
617 727
720 530
326 315
660 114
589 180
40 37
787 794
683 774
459 557
76 449
591 853
384 347
946 931
67 323
763 942
782 126
101 549
472 91
219 729
453 594
443 170
735 753
484 152
961 307
133 506
302 878
429 30
418 3
728 507
527 741
217 265
789 462
994 83
885 181
688 516
173 256
138 582
32 882
969 695
196 981
625 856
440 301
369 377
126 856
630 38
741 598
933 682
201 32
121 828
587 967
829 418
751 397
236 974
737 812
68 122
785 183
367 835
668 540
155 515
680 815
496 938
992 347
162 515
552 135
143 836
720 179
848 120
977 337
734 501
922 498
331 108
546 893
193 707
510 594
258 208
443 44
664 752
259 706
21 931
63 877
559 872
907 910
674 450
474 291
179 641
680 805
57 444
258 893
25 926
744 258
64 719
1000 353
397 906
947 794
712 169
566 560
611 825
933 430
123 721
424 317
189 909
333 360
592 926
134 347
710 994
34 22
599 13
449 158
749 804
52 240
802 955
533 180
311 255
459 611
847 473
900 949
405 445
639 460
50 656
472 867
253 503
623 232
722 529
66 376
702 301
350 256
263 340
396 317
228 376
807 55
643 749
241 797
187 825
901 722
764 975
891 817
19 832
739 572
550 337
128 360
679 360
764 204
613 740
834 774
333 57
279 979
232 503
800 500
75 241
159 366
509 330
789 734
513 554
23 800
374 427
653 169
361 339
503 952
270 221
456 996
73 634
287 844
165 964
702 687
646 328
153 516
941 697
357 215
931 621
282 79
160 594
585 92
791 519
479 836
201 331
937 894
203 91
811 853
721 410
575 451
138 380
249 28
86 835
712 238
567 542
273 363
164 905
54 952
736 79
972 800
330 231
459 383
370 453
927 985
544 923
821 436
48 65
432 347
660 908
894 581
289 93
606 516
76 567
60 729
133 508
461 544
333 747
408 73
282 824
248 211
566 507
597 754
254 489
861 31
989 74
191 255
187 48
327 196
978 477
155 817
28 347
211 987
51 832
988 897
821 364
793 567
586 675
456 120
864 412
147 776
901 318
810 389
67 678
353 158
392 428
928 622
52 151
15 330
71 807
272 950
312 131
790 306
276 489
573 621
483 378
283 73
762 490
303 122
490 342
435 988
863 647
702 718
272 45
595 890
777 355
63 463
446 477
561 209
198 546
806 664
91 926
756 450
917 294
681 869
167 982
461 682
206 776
751 135
247 606
947 713
417 921
678 774
143 899
789 791
925 551
683 662
298 786
45 753
88 823
584 924
3 923
751 430
915 865
35 506
990 824
720 263
132 832
155 35
81 872
669 797
121 228
855 348
46 416
591 49
922 140
293 750
898 768
272 10
632 141
182 174
62 819
406 871
277 656
490 681
788 506
278 286
370 524
539 174
330 872
762 29
54 563
854 48
639 369
821 515
42 375
756 786
153 451
62 135
306 12
637 230
602 440
268 79
703 18
509 40
623 921
57 82
700 74
916 423
683 841
479 656
209 383
409 794
799 173
247 669
70 214
109 478
860 570
790 522
60 742
792 738
703 92
482 550
595 310
166 695
863 42
490 656
56 976
678 223
555 963
717 880
737 495
96 999
743 74
734 366
307 965
16 813
896 34
474 537
94 795
539 954
277 399
559 25
392 321
843 95
824 100
162 961
733 278
704 633
346 581
935 517
559 547
830 179
609 358
66 411
361 876
486 910
164 828
458 900
203 421
350 963
622 842
849 722
320 941
178 592
155 449
624 949
883 967
770 34
113 109
990 140
719 688
770 709
922 153
923 29
320 385
210 416
302 529
764 452
801 761
861 404
402 718
147 804
773 372
77 539
813 582
172 409
816 315
980 73
817 537
670 901
351 467
434 264
734 818
809 876
312 724
60 773
426 542
354 83
937 388
120 263
726 310
691 336
433 957
892 924
942 328
257 690
771 255
934 665
556 196
26 772
323 295
839 118
69 8
472 393
186 31
868 148
699 820
174 677
168 812
628 376
17 824
431 577
15 596
175 84
380 47
484 89
27 893
510 229
186 167
829 281
723 833
193 555
198 871
788 83
36 595
33 949
552 833
247 417
521 278
170 281
460 952
176 217
302 833
211 697
765 226
417 87
322 953
125 590
933 609
470 532
739 942
132 256
996 893
189 465
725 655
121 369
310 516
289 589
785 378
107 905
254 55
128 592
935 281
939 289
762 49
281 911
356 501
207 872
558 920
34 507
17 337
862 577
296 408
267 674
192 729
262 860
746 621
670 546
67 180
486 800
821 958
421 415
537 65
95 185
902 315
81 845
966 460
249 265
529 335
395 880
177 773
715 100
988 926
700 221
918 12
461 751
372 491
559 833
563 152
764 98
858 837
257 275
61 900
289 27
987 222
426 128
635 508
458 768
845 148
367 261
151 439
996 393
702 240
101 425
1000 280
676 323
201 237
532 191
808 619
759 481
269 324
592 194
168 596
830 220
61 332
764 59
731 262
66 332
377 450
814 116
603 31
713 755
952 842
422 964
829 412
263 349
922 987
297 897
483 141
50 357
141 784
588 997
365 412
153 596
36 591
814 84
696 628
943 944
216 842
530 956
571 353
699 404
76 462
829 691
630 219
833 717
995 842
634 707
744 227
853 360
446 950
406 619
930 141
752 117
456 690
366 974
916 517
811 719
369 880
268 504
744 335
544 444
447 892
909 151
966 581
454 171
70 992
293 556
801 407
60 809
828 598
1000 282
652 690
873 967
959 109
33 700
479 760
198 731
91 482
899 644
934 240
438 373
168 292
190 506
504 967
888 256
359 379
731 812
308 478
970 889
662 750
162 230
293 664
190 325
745 447
47 708
789 505
40 372
725 798
737 195
630 983
577 375
188 541
282 29
799 901
691 251
17 898
16 918
143 198
970 910
972 926
976 222
208 430
868 404
462 471
597 749
396 729
176 204
624 880
16 549
326 957
532 948
902 768
7 74
670 817
868 668
88 13
877 605
623 755
441 73
313 892
997 549
687 22
636 260
213 923
142 755
517 398
36 932
26 117
510 733
385 965
652 721
561 985
194 729
211 967
32 158
983 390
968 16
237 661
660 987
8 498
610 839
944 220
648 547
32 888
456 585
536 798
635 504
289 622
301 932
879 265
160 141
113 424
288 812
401 802
236 562
22 936
221 601
425 818
869 161
248 619
173 31
858 402
666 470
952 957
257 537
457 820
187 728
223 51
725 994
925 224
377 647
71 127
36 728
790 284
296 944
652 712
617 186
211 809
195 364
269 152
635 471
491 264
273 93
35 317
349 512
243 632
143 4
579 585
670 223
14 141
468 595
657 314
162 935
822 65
436 644
248 760
111 591
60 817
77 182
752 65
888 979
922 174
652 993
963 511
127 621
546 722
457 572
70 991
398 545
30 408
254 222
663 768
614 664
776 679
155 264
763 95
376 640
527 16
829 644
143 283
846 869
166 998
458 627
852 84
448 786
121 940
877 881
179 994
109 535
273 86
826 465
922 272
419 332
208 403
481 222
816 82
980 240
819 255
802 326
969 558
784 394
736 815
665 410
720 937
862 756
556 140
302 38
426 812
483 616
132 5
528 603
908 452
506 971
76 35
681 314
289 935
399 174
809 755
621 340
538 396
186 850
486 371
775 82
970 134
781 898
446 549
379 757
488 65
997 210
803 650
680 608
56 773
189 284
241 756
112 98
703 534
6 834
775 336
852 934
265 31
138 672
838 657
216 128
54 533
814 728
626 375
700 722
239 214
60 369
44 910
996 499
739 676
870 412
47 574
142 586
747 611
33 132
487 281
175 148
365 39
699 772
683 78
552 234
317 324
190 978
724 689
908 451
638 326
855 964
602 239
211 645
576 590
143 504
510 213
551 379
22 337
206 242
778 108
155 262
891 493
598 467
763 967
105 304
289 867
767 504
246 37
464 812
843 472
771 7
573 175
244 464
320 641
455 644
283 788
603 667
505 932
215 209
452 229
456 918
736 56
930 964
79 540
575 699
80 923
392 584
598 701
2 570
566 481
825 758
1 257
76 963
610 218
353 355
597 405
482 841
484 51
1000 918
639 782
71 529
50 374
369 264
381 299
610 512
24 792
114 371
704 383
543 291
827 319
267 300
249 488
781 639
821 403
94 719
151 194
663 42
80 105
315 335
479 462
816 829
302 321
226 740
792 288
656 982
913 803
552 690
401 12
535 108
614 495
705 385
829 237
564 346
359 309
692 697
197 229
159 818
532 184
700 343
55 893
803 868
95 303
10 911
227 671
320 107
546 758
283 964
705 676
267 910
159 57
128 606
160 533
71 278
745 163
656 746
69 486
351 550
175 117
923 532
563 403
599 938
138 714
251 792
749 68
36 561
805 756
937 759
664 89
994 301
461 583
78 495
281 340
139 824
178 174
178 427
877 160
488 626
751 635
862 321
499 998
492 938
686 963
762 349
46 402
263 760
642 893
158 29
838 222
253 385
933 111
735 472
21 477
189 25
95 372
347 340
480 611
279 109
564 208
927 412
235 554
713 603
843 811
399 130
2 306
275 400
764 569
926 836
831 143
427 758
796 936
91 880
587 923
752 495
988 513
700 519
662 330
165 117
906 872
564 844
250 449
61 817
931 183
808 875
343 918
348 982
217 809
735 529
761 384
703 493
392 439
691 493
838 268
896 584
252 985
435 299
809 26
259 712
24 104
405 949
664 13
520 766
837 594
913 417
269 912
483 219
914 784
828 129
829 184
927 915
808 829
709 823
440 903
211 875
693 760
341 465
162 967
822 276
200 35
628 786
572 507
755 358
565 57
806 927
972 391
411 710
564 384
233 61
975 365
469 682
329 208
20 584
510 868
169 920
681 407
172 610
483 867
923 768
907 391
966 588
983 240
736 367
676 51
674 384
660 818
568 693
113 544
75 873
147 612
350 872
791 322
456 826
782 288
82 144
941 728
211 899
638 319
361 479
34 920
990 237
739 709
576 161
234 995
206 650
690 290
195 407
531 721
716 806
806 62
683 506
811 193
333 242
888 738
579 61
127 355
874 768
67 282
914 570
692 594
486 464
643 792
271 412
240 931
60 766
405 411
80 553
706 990
543 464
855 450
303 897
985 218
837 204
550 386
453 698
579 749
437 656
664 332
370 575
189 335
279 551
390 165
191 860
906 127
639 358
592 595
472 306
418 905
951 17
275 423
851 286
939 790
119 372
247 291
980 519
804 701
947 844
88 322
90 561
3 204
737 875
188 376
703 395
745 672
379 533
748 301
676 210
736 888
881 318
989 480
717 731
424 414
373 993
945 890
585 581
285 804
623 769
552 971
456 527
402 695
476 466
221 220
296 685
579 463
745 450
923 911
712 170
930 97
512 818
569 218
733 161
182 169
934 482
827 36
367 786
405 561
597 871
543 160
618 777
285 27
857 650
243 280
877 236
606 442
143 344
606 576
589 338
813 772
687 220
796 547
690 26
252 449
84 631
650 304
419 391
179 59
704 130
814 406
380 322
283 513
674 403
28 923
822 726
70 331
330 83
723 984
873 209
503 353
33 394
198 972
288 547
350 598
678 911
754 225
629 889
333 343
188 625
834 732
376 785
217 185
128 679
974 294
625 994
922 612
203 34
864 604
177 174
16 451
993 450
164 487
493 471
215 952
81 522
744 469
429 901
211 558
253 705
513 104
2 377
479 96
137 921
119 466
176 262
303 214
713 46
786 140
87 938
36 904
19 798
668 377
165 876
200 109
956 105
665 825
887 824
687 700
913 587
284 847
467 473
744 601
638 16
925 595
840 65
198 283
751 467
858 649
829 83
490 208
334 875
534 355
431 213
447 967
104 183
33 887
32 686
661 523
182 400
260 232
864 721
936 853
808 148
117 991
264 626
318 222
247 44
544 364
696 597
496 147
987 214
156 607
520 344
792 850
679 403
987 869
279 401
38 281
231 850
142 91
216 932
329 624
624 938
204 363
739 368
669 315
607 818
517 12
468 909
782 732
803 34
650 549
273 869
739 631
422 385
359 154
723 379
173 155
85 798
1000 574
602 165
142 373
382 606
537 853
882 574
702 647
61 123
279 467
373 500
28 356
50 492
468 99
566 118
234 487
60 857
709 788
424 591
421 275
544 912
233 407
62 436
177 589
61 955
270 23
695 391
535 537
437 622
586 987
8 717
868 262
134 710
428 13
543 723
34 372
108 403
846 408
551 196
148 976
376 392
16 782
593 724
794 165
764 620
249 854
491 31
560 43
330 555
717 760
838 42
560 542
8 299
135 653
121 268
636 520
88 14
35 521
699 421
38 251
308 538
585 71
315 444
597 915
397 854
691 171
50 118
267 964
469 955
201 994
970 752
440 400
593 641
946 580
867 840
904 991
66 342
543 791
789 598
586 23
289 253
473 328
983 969
418 475
112 402
57 572
40 54
884 141
277 318
85 128
98 774
63 1000
47 89
711 940
527 670
821 87
254 925
809 631
312 57
940 689
320 580
143 781
528 622
341 519
32 893
894 976
808 697
329 301
790 889
702 85
499 605
890 835
195 998
290 991
598 880
272 13
875 797
380 661
126 476
988 495
879 701
272 853
302 941
96 521
773 577
703 958
777 499
63 896
651 851
448 343
952 242
502 451
361 749
162 654
948 729
834 946
527 550
742 222
312 183
583 549
110 349
142 789
252 928
254 499
291 71
883 481
505 760
759 953
118 89
683 713
334 726
103 609
142 505
273 811
678 282
612 653
737 12
84 403
949 634
69 284
294 998
783 624
901 924
709 991
313 587
918 695
320 377
212 898
326 13
138 678
711 600
672 875
633 895
962 31
163 690
556 100
718 239
696 319
593 524
333 179
96 773
762 326
305 580
796 965
273 230
76 974
718 421
771 653
314 823
206 755
923 237
118 495
706 340
852 299
57 658
449 114
177 85
341 68
276 332
643 189
422 817
846 194
331 972
668 742
334 477
218 319
211 274
798 570
638 864
417 407
912 613
664 912
201 157
408 932
226 288
635 17
176 26
88 298
784 345
747 84
767 926
146 958
381 634
937 556
259 723
776 35
983 545
560 261
652 590
279 842
300 64
69 913
88 123
660 299
950 590
203 640
703 275
406 936
371 886
887 161
190 612
176 819
456 158
105 761
90 729
386 13
514 71
843 330
437 730
95 521
494 990
552 120
188 586
409 344
249 486
156 118
907 790
543 895
397 622
895 182
329 971
187 955
477 784
972 240
904 475
243 417
703 352
28 184
930 167
766 122
587 580
783 759
933 592
241 637
807 646
670 554
673 817
320 561
706 473
907 410
541 839
54 668
143 526
223 721
498 532
452 383
928 698
33 82
392 899
532 324
778 875
259 208
333 932
765 606
357 165
968 235
665 127
327 536
441 442
369 181
503 674
651 347
138 704
602 998
659 820
725 208
910 12
113 869
919 464
907 462
155 600
814 868
139 457
875 508
852 94
17 418
509 321
309 356
648 967
21 587
189 782
922 16
579 209
482 539
284 550
446 621
657 655
431 364
782 572
804 92
91 468
293 816
990 419
993 141
318 349
669 555
564 202
855 430
233 875
159 631
567 282
927 403
172 724
755 695
224 851
243 885
652 418
891 506
212 153
50 601
586 426
52 917
808 982
588 71
706 834
934 95
220 534
388 375
518 882
691 899
943 786
514 879
289 171
843 422
310 222
293 62
574 844
279 297
826 304
165 857
395 169
161 337
896 167
420 402
555 410
108 123
902 982
377 920
376 128
88 650
197 291
589 684
721 394
831 755
137 963
821 79
781 59
323 383
896 400
461 16
780 362
93 686
379 468
111 700
703 960
669 795
856 969
946 384
983 734
451 569
855 560
589 398
438 748
452 264
188 451
761 58
248 558
69 885
50 690
159 468
931 263
170 642
130 795
57 809
379 395
663 964
174 600
425 988
359 624
320 122
673 844
69 774
559 634
454 960
862 22
862 619
259 306
810 974
150 872
733 57
284 135
527 560
970 861
115 414
181 403
346 15
548 653
898 317
935 989
131 963
779 607
15 825
359 775
989 965
342 51
454 226
440 642
663 417
596 295
960 355
906 598
541 474
320 194
565 311
898 844
348 910
143 439
55 209
919 534
849 235
189 309
670 84
192 12
762 479
639 376
15 839
513 956
73 338
951 240
57 931
443 288
173 865
571 880
263 117
85 570
599 511
855 42
32 532
472 102
282 317
716 748
849 895
575 374
387 809
689 982
543 66
49 375
433 954
660 905
563 226
870 894
951 370
455 255
827 832
535 115
481 918
780 235
173 515
994 562
908 7
30 34
431 256
269 48
495 932
664 547
113 99
572 545
503 699
922 231
693 856
762 116
767 316
470 148
822 185
659 449
219 404
158 338
593 231
289 446
176 887
176 900
559 32
615 135
46 205
739 681
251 807
929 549
329 309
679 316
274 936
494 137
937 679
409 56
939 467
305 697
146 988
32 288
77 469
273 29
528 884
422 501
770 756
320 619
980 742
530 809
530 498
150 967
734 839
52 655
1 651
790 832
587 11
849 530
739 463
297 288
409 977
300 283
874 231
250 256
585 104
288 120
513 910
983 622
309 99
664 601
448 345
385 72
369 835
678 549
138 880
908 650
727 13
983 952
573 20
346 431
318 251
610 934
931 294
151 892
427 297
529 340
655 316
248 353
945 523
163 489
643 476
76 958
718 629
610 322
186 391
315 807
56 375
100 158
544 119
636 56
178 576
50 781
52 492
958 915
822 24
401 732
515 237
790 49
702 610
4 273
777 905
527 591
130 537
726 44
283 945
985 978
575 394
215 442
968 828
142 387
80 444
399 238
422 880
973 576
422 206
280 286
323 813
687 237
709 810
907 651
585 943
802 447
652 91
202 869
333 309
736 114
610 929
112 828
385 242
133 502
446 378
833 70
796 571
84 328
764 13
289 798
472 490
221 774
312 595
222 58
260 454
116 482
709 588
910 967
342 261
585 576
925 807
953 954
149 363
575 436
775 235
116 46
673 865
563 766
902 826
108 957
417 35
622 332
103 688
385 627
365 378
665 824
613 7
461 282
562 932
104 436
253 109
382 158
700 570
147 682
242 766
518 623
143 174
885 408
28 412
616 345
88 441
121 715
829 630
233 753
783 427
1 464
610 766
2 11
257 305
723 175
562 646
55 626
67 390
213 491
505 674
767 158
329 742
952 938
402 106
574 603
404 439
297 622
173 813
984 507
32 984
380 649
252 694
72 383
537 621
793 539
792 525
96 938
685 755
27 863
692 238
785 722
73 141
736 475
170 598
239 760
40 450
901 345
672 692
228 497
764 598
28 366
305 994
252 495
56 525
146 444
610 761
974 772
130 207
702 644
120 554
228 779
119 184
216 851
821 314
869 608
166 918
909 963
185 549
520 149
359 398
705 836
996 304
146 150
763 497
746 347
508 768
612 352
43 39
875 49
177 795
668 974
546 192
731 412
854 15
434 878
474 169
111 897
628 29
223 278
831 973
703 24
373 784
615 305
267 338
739 180
162 612
145 626
556 161
443 478
536 158
617 917
82 869
600 304
799 240
175 554
163 18
726 400
510 944
665 303
77 606
145 967
305 818
124 466
895 582
802 499
775 122
326 605
132 882
350 201
367 757
351 144
502 969
173 688
370 334
908 242
945 632
959 313
326 795
257 800
374 433
703 586
354 474
147 610
543 549
709 490
723 630
325 957
16 73
341 578
916 956
19 507
259 597
580 601
232 743
213 819
563 540
568 288
588 213
716 598
267 53
989 582
791 389
268 123
101 816
852 216
284 746
229 620
513 375
472 175
267 435
496 730
168 903
353 39
885 273
390 620
61 439
690 820
286 557
157 13
324 445
714 40
308 151
532 620
933 266
908 363
956 688
251 261
101 530
961 593
102 894
713 338
472 920
949 394
110 800
748 728
510 94
737 445
518 986
870 741
293 261
617 474
448 571
747 516
198 38
381 882
113 43
331 124
96 967
493 117
723 56
974 467
279 622
46 335
781 160
551 624
750 558
399 942
555 358
495 529
900 701
744 173
440 311
339 125
855 235
289 859
823 898
438 883
275 79
939 539
452 976
137 82
138 416
805 491
69 919
384 760
382 635
623 667
94 929
145 856
756 899
994 384
7 653
673 942
526 504
984 679
660 958
235 37
992 191
793 591
628 488
977 726
634 51
195 842
564 560
