1000 9904
94 707
479 783
6 405
156 290
926 202
855 224
693 197
342 29
345 367
536 128
388 221
851 777
584 652
843 681
960 971
68 684
961 294
781 755
651 813
932 163
759 106
264 33
49 829
856 699
854 154
692 33
86 240
8 746
695 942
225 868
303 760
895 971
950 792
844 315
302 780
222 99
978 773
26 406
706 308
356 749
30 874
288 389
571 894
32 191
903 855
555 137
529 422
322 700
969 312
608 616
787 651
239 698
666 376
575 1000
729 408
473 730
58 744
495 925
956 129
577 732
83 23
799 309
379 956
475 441
757 475
11 870
337 480
546 756
728 719
276 261
594 776
352 227
480 424
724 891
15 920
864 14
936 907
558 262
534 383
771 603
262 82
110 376
845 251
202 847
918 521
208 256
748 330
46 948
105 152
802 46
877 554
350 559
198 894
489 650
199 467
419 851
95 642
652 913
285 166
930 478
850 516
959 186
542 470
449 421
860 685
739 772
540 723
269 479
397 270
398 25
222 317
118 370
458 159
777 257
728 337
835 535
340 159
948 350
108 294
537 877
35 632
37 42
754 556
4 293
795 82
135 717
541 586
430 507
32 934
908 762
131 954
653 993
468 833
97 241
741 824
444 258
159 218
18 222
749 521
111 528
827 835
519 521
116 442
478 545
651 401
245 346
504 92
896 600
605 202
914 753
2 983
644 538
816 431
140 873
589 598
970 680
609 120
702 911
283 851
111 871
811 629
719 868
498 296
925 649
513 227
163 822
28 86
573 767
100 347
46 712
449 581
360 424
219 127
789 967
148 49
918 533
961 59
357 453
929 204
863 975
574 566
721 34
65 518
321 444
128 213
747 850
270 375
256 257
989 817
902 698
700 747
426 81
464 420
643 776
455 222
807 5
123 86
255 637
971 260
353 622
498 974
506 181
817 834
752 437
881 23
311 684
811 364
428 948
14 5
273 125
592 349
296 298
60 323
982 358
964 917
437 819
294 868
577 88
631 901
100 723
502 219
196 914
677 173
610 128
520 232
653 948
105 396
268 406
822 789
279 916
829 211
211 164
984 356
585 619
365 851
225 64
652 195
863 197
842 209
236 704
240 515
587 213
187 12
742 382
728 792
680 155
503 767
116 13
577 565
440 288
67 707
763 814
148 256
496 891
760 24
319 505
376 801
693 556
50 542
149 154
335 507
997 870
928 851
562 269
492 882
879 390
646 813
3 829
725 876
137 755
673 897
660 249
39 204
579 491
962 481
835 117
142 751
641 220
377 816
515 897
532 34
919 866
649 330
430 453
561 566
265 113
930 357
273 686
476 979
772 640
789 558
707 646
756 951
851 989
769 594
437 708
352 848
795 990
198 499
808 579
576 559
497 298
504 762
599 425
144 955
566 722
56 279
675 711
644 674
23 365
233 696
504 617
31 678
536 162
407 99
175 135
508 928
98 291
774 997
336 218
369 722
10 894
66 594
602 512
684 911
324 622
663 3
369 675
689 908
526 265
819 257
922 52
71 596
718 561
477 157
775 602
888 284
390 764
687 382
142 808
166 827
386 163
357 968
374 958
491 638
292 869
573 468
44 262
707 606
88 474
283 874
309 742
13 328
708 444
339 435
983 696
474 342
736 45
516 827
394 636
793 218
868 570
832 624
120 322
847 345
451 58
872 75
627 181
713 794
756 471
738 870
336 490
46 921
916 7
459 500
47 741
450 145
329 960
441 978
561 961
945 610
741 998
432 571
290 697
219 325
845 393
117 786
66 464
855 848
197 169
570 992
829 629
226 682
407 451
959 790
63 301
691 588
428 862
34 237
90 333
878 418
159 428
698 54
890 500
764 285
888 781
1000 763
729 35
251 291
471 830
293 10
611 3
62 457
925 597
654 13
299 739
144 822
142 74
370 616
904 880
83 331
417 899
344 157
582 276
946 70
948 520
809 198
373 143
434 773
456 341
933 301
202 313
974 955
650 981
776 616
886 327
979 99
463 434
391 177
359 253
605 229
278 877
942 196
84 692
253 203
789 351
186 132
315 488
334 52
300 124
49 132
234 136
202 618
258 648
760 80
729 859
968 61
471 90
383 958
422 570
495 80
741 296
529 553
211 521
51 988
909 760
299 599
589 356
475 908
578 983
906 78
444 897
33 490
977 83
214 154
566 175
113 595
590 289
47 622
837 904
142 854
950 697
459 254
700 827
113 119
518 364
192 578
890 409
266 116
43 586
136 9
506 17
434 274
492 28
911 654
574 38
705 949
981 32
819 189
454 224
995 988
875 370
532 653
701 230
19 562
772 156
477 946
867 278
495 411
49 651
952 632
671 575
283 278
872 706
31 924
474 859
165 710
349 105
77 533
848 571
971 755
357 558
78 218
469 688
435 576
596 297
918 127
150 213
340 707
720 893
183 23
40 287
794 424
499 418
663 997
987 393
805 616
927 5
654 839
44 93
211 692
267 198
785 645
788 300
256 117
560 47
931 316
185 194
41 206
171 499
997 35
85 601
765 455
966 870
353 407
111 181
955 531
355 767
601 763
233 735
751 901
690 229
518 46
433 938
271 74
511 625
717 134
664 302
981 881
801 235
731 278
471 531
313 433
133 902
753 67
666 842
728 447
446 710
736 922
971 101
921 824
387 244
504 590
981 196
308 658
202 189
114 609
297 135
905 448
890 14
230 615
66 988
566 785
535 322
520 233
524 721
421 767
292 131
317 958
546 1000
415 465
171 885
460 938
46 87
84 782
106 834
378 559
718 581
19 925
499 273
874 335
31 150
894 138
788 627
684 700
331 812
225 289
654 688
804 229
594 209
262 249
245 607
46 672
987 258
206 938
547 42
202 821
738 835
208 314
457 853
584 37
87 82
125 155
931 472
96 399
352 668
320 819
726 399
508 116
792 161
721 13
793 392
426 163
216 627
842 967
60 828
207 959
921 169
542 412
855 847
802 313
38 879
220 838
646 366
268 992
471 567
259 767
543 899
895 576
569 252
565 360
352 866
74 309
531 297
843 203
202 209
458 39
477 841
723 529
118 281
706 321
981 329
890 494
16 277
274 725
331 396
169 313
249 11
743 336
637 973
598 573
800 484
602 944
126 338
309 850
18 609
491 361
317 563
127 844
681 688
44 368
592 156
552 419
185 574
97 282
888 507
211 733
319 399
287 941
271 552
474 676
127 674
297 862
409 823
410 536
818 429
452 243
438 442
43 470
326 352
651 23
998 162
505 783
34 15
453 727
901 579
370 183
464 176
462 351
162 347
964 229
343 232
508 326
699 880
684 228
299 14
372 584
8 797
751 76
574 719
440 734
929 100
622 219
548 730
20 275
650 182
143 87
511 521
977 929
711 368
549 533
271 307
682 118
369 177
756 827
61 859
407 307
412 491
985 479
622 932
532 404
790 752
847 961
460 479
420 892
616 285
544 490
93 562
991 422
259 505
649 801
778 903
874 688
178 251
363 189
18 784
184 600
95 258
870 764
221 362
302 168
286 877
507 762
914 342
403 807
546 372
914 489
753 599
662 779
520 816
957 325
524 872
508 917
174 81
323 633
870 367
473 728
576 103
184 440
923 458
232 701
874 372
613 145
383 714
975 22
120 18
746 842
585 72
803 129
362 947
810 987
707 102
708 258
980 495
440 316
42 599
168 678
813 202
172 214
944 7
312 433
261 280
789 806
798 49
926 10
601 643
323 211
107 824
900 767
264 643
565 891
916 395
55 937
459 352
579 430
109 480
901 490
425 289
268 985
432 695
198 542
34 727
274 198
113 118
954 548
369 204
189 313
119 56
450 775
824 8
511 690
937 303
95 51
961 433
709 819
85 105
473 207
237 350
831 225
958 326
305 518
583 943
251 462
553 360
644 49
576 903
494 678
353 274
305 663
83 358
818 975
398 603
183 707
4 438
443 894
170 986
764 225
157 932
936 45
334 708
649 648
836 526
283 646
785 312
269 871
845 712
957 730
164 831
745 588
123 820
655 143
720 894
150 325
633 135
145 385
544 656
363 671
107 728
294 174
510 231
224 988
816 304
317 956
309 733
805 760
457 586
385 229
884 167
280 973
651 206
618 119
140 585
324 510
789 84
96 373
354 873
959 260
418 763
449 603
492 684
566 110
713 490
838 939
570 101
203 596
555 998
9 275
580 94
469 816
986 277
950 376
440 497
459 447
663 861
617 215
798 956
86 882
677 821
698 368
186 588
100 10
860 540
536 250
664 303
939 151
354 429
651 539
344 363
610 602
654 754
632 722
463 610
88 880
415 783
470 366
35 126
192 734
764 326
947 862
285 603
970 655
785 361
293 112
334 868
833 91
286 907
838 724
913 163
757 940
481 353
634 153
482 154
322 627
253 733
112 131
500 298
21 218
307 330
588 713
799 990
829 285
810 607
374 694
670 995
303 766
130 64
173 158
836 610
12 28
625 549
183 965
245 316
338 110
106 210
380 533
740 373
415 246
626 278
883 438
738 399
900 898
281 246
157 603
875 810
125 455
867 862
617 887
927 248
971 116
465 19
31 324
785 864
823 808
668 879
11 280
142 578
77 23
258 915
890 794
927 23
589 188
275 460
949 183
815 718
542 114
963 987
142 668
769 694
76 160
721 157
80 35
501 669
824 686
142 783
493 9
192 540
655 215
42 812
976 380
249 462
835 435
748 912
415 995
696 354
652 718
464 575
84 504
446 739
903 792
418 130
113 280
260 867
815 243
174 745
566 835
92 946
365 386
696 263
41 84
623 775
202 33
899 221
583 48
954 989
50 109
288 602
295 845
303 658
74 246
295 802
650 831
300 677
207 54
603 885
785 256
55 226
221 150
318 784
390 653
453 291
438 153
13 8
461 792
816 361
284 823
323 843
91 295
609 422
239 359
223 802
280 918
686 290
439 918
667 691
483 542
764 629
211 623
379 465
31 312
159 503
664 171
537 163
920 213
663 935
43 358
704 700
100 285
281 413
873 27
546 249
747 766
803 288
276 160
447 153
105 306
307 522
149 611
843 588
147 181
648 590
294 596
581 524
716 293
332 94
691 545
113 73
648 940
448 804
134 639
7 647
857 378
473 65
981 921
863 453
756 711
478 125
43 704
282 904
240 657
526 175
748 779
697 823
806 111
921 759
655 382
400 322
296 115
778 791
583 232
895 810
971 859
37 132
771 191
460 781
282 221
840 735
631 621
712 537
430 188
163 451
40 406
793 888
80 919
39 448
262 420
50 962
253 201
288 947
145 990
572 835
955 77
131 543
402 998
953 604
992 54
741 709
949 904
950 115
988 930
574 79
323 69
867 819
762 390
328 813
15 107
519 123
405 951
744 469
154 745
671 332
397 839
238 419
699 927
385 555
561 914
998 425
270 414
454 651
506 714
569 488
753 379
751 976
278 865
369 114
340 765
316 607
208 944
461 418
355 931
913 469
930 427
38 180
925 400
983 684
800 899
125 646
843 807
627 636
222 288
26 727
173 868
490 869
751 318
364 977
773 961
832 387
818 746
644 296
245 227
853 484
356 652
675 988
285 664
951 571
863 223
459 653
139 523
291 852
413 988
554 119
889 417
762 145
527 517
306 139
742 36
643 24
538 366
23 234
960 180
892 899
897 645
918 125
616 837
727 743
547 325
106 255
221 222
741 519
193 805
808 725
344 695
326 635
774 495
516 884
656 458
474 669
55 456
334 129
101 154
952 838
250 912
125 4
200 165
418 100
148 77
901 521
488 224
107 918
366 129
497 886
688 217
172 842
837 584
162 208
542 23
651 422
105 266
90 126
255 792
347 325
459 271
460 92
3 517
682 755
55 829
242 228
482 343
781 679
749 243
492 348
347 611
440 191
259 274
721 483
649 158
562 937
230 827
948 142
535 638
403 531
596 632
875 451
857 76
783 380
540 68
681 158
743 584
682 335
821 602
847 734
965 879
676 278
914 415
865 331
518 805
689 613
192 155
636 734
364 505
97 18
206 492
24 104
448 932
766 740
845 363
453 189
680 15
679 963
280 669
3 373
762 407
633 162
120 75
328 56
571 212
310 120
717 481
158 151
776 768
926 278
413 865
642 889
366 835
654 976
16 548
399 291
312 507
864 184
457 758
281 384
324 354
393 943
176 297
512 435
342 410
385 531
836 340
485 386
643 984
128 315
113 979
494 176
960 884
228 484
29 245
855 841
668 369
143 125
716 401
396 21
30 705
915 125
130 991
246 371
925 300
564 156
237 404
811 333
847 833
78 892
303 89
951 861
570 668
494 748
278 425
800 169
486 524
801 576
839 8
189 596
734 486
829 18
942 755
981 343
286 887
896 404
874 636
912 337
272 991
867 417
615 775
282 105
502 452
430 161
288 714
218 903
624 245
645 642
103 64
879 995
520 628
173 18
818 329
380 570
732 775
1 161
439 243
590 717
68 143
413 652
105 619
849 502
975 338
922 330
979 791
46 706
630 762
718 240
99 864
760 934
45 378
765 171
534 710
846 84
719 718
171 428
851 446
284 581
355 968
788 85
954 957
95 517
902 53
264 745
33 444
877 723
937 646
376 167
369 452
276 784
969 520
209 275
599 10
51 528
952 453
440 25
132 311
116 710
228 408
303 430
103 968
750 125
553 967
915 40
937 416
898 934
541 62
302 754
319 688
221 994
407 333
728 458
798 550
178 919
831 700
605 796
8 340
626 360
722 919
562 704
68 609
31 647
912 415
970 365
347 998
681 556
66 514
861 965
58 914
630 2
758 119
207 247
878 844
662 777
405 272
27 770
992 12
89 637
666 503
830 674
429 123
639 54
71 714
511 865
529 998
768 570
362 945
168 394
371 133
832 689
232 401
525 370
825 552
880 700
257 84
646 718
196 116
689 105
194 521
713 355
661 3
609 306
441 160
759 992
337 23
49 224
125 208
845 247
370 217
85 578
105 156
424 828
21 646
155 956
302 957
642 855
195 209
695 458
347 376
20 322
602 11
503 117
413 365
87 378
695 635
75 338
882 94
789 754
80 236
685 577
13 536
143 437
454 533
68 78
226 845
446 350
29 302
303 307
344 256
933 936
882 768
385 918
317 467
249 389
278 486
407 198
134 890
908 617
66 836
892 472
14 476
218 571
662 600
735 114
293 43
574 180
478 233
974 76
27 83
304 764
978 628
226 241
636 37
178 108
17 170
952 635
130 459
921 492
596 170
230 344
660 750
644 736
635 665
690 98
174 115
784 995
400 988
129 306
25 449
244 243
573 857
908 60
418 784
935 981
607 520
324 218
326 632
651 371
379 698
286 154
971 926
770 351
884 161
685 80
427 864
565 522
927 151
940 34
816 16
485 139
177 714
768 979
346 195
93 598
920 14
974 449
63 162
211 919
431 590
677 930
77 962
519 239
354 585
501 790
427 159
764 156
671 486
731 77
270 379
950 745
385 679
703 995
688 312
659 486
756 607
191 300
164 2
125 568
843 962
332 325
428 944
584 934
198 282
83 550
947 977
495 591
628 778
274 349
403 899
444 109
515 42
306 74
622 700
236 399
329 315
260 746
771 180
839 837
164 195
535 460
847 334
835 930
196 700
892 817
550 651
952 646
202 493
978 378
83 98
693 997
948 882
275 820
457 185
814 95
525 472
139 357
783 928
988 214
847 29
353 873
462 53
104 561
590 422
961 569
336 740
244 501
690 763
604 405
960 271
456 221
175 611
267 231
110 325
300 357
998 276
410 805
111 101
367 207
261 239
45 32
267 594
824 373
717 214
42 478
995 460
883 479
521 132
631 289
833 362
83 887
185 557
820 113
778 652
549 541
543 908
912 662
143 274
863 112
857 943
307 394
74 387
866 167
351 957
80 292
154 394
46 148
151 259
65 579
382 812
239 685
987 730
946 571
120 795
874 396
691 206
515 28
737 924
75 533
390 752
447 993
140 975
827 143
249 123
879 595
625 848
132 990
888 510
409 907
286 323
457 951
223 812
208 507
480 368
723 428
12 503
713 326
876 758
570 313
289 875
845 833
827 474
846 42
902 264
353 599
969 592
695 195
828 992
190 409
409 598
285 443
519 865
590 94
152 773
941 720
673 786
11 407
347 287
369 507
351 319
650 34
446 65
319 989
214 237
312 101
276 896
445 791
617 318
584 689
677 604
74 995
38 142
440 137
792 350
332 431
155 366
707 333
981 822
195 609
458 951
124 260
521 49
904 135
423 593
155 287
598 33
48 845
71 99
454 873
401 115
539 437
834 203
909 283
880 405
701 153
728 233
624 906
87 778
164 293
368 200
222 247
45 614
374 466
247 576
748 43
787 951
1 704
112 205
222 134
888 606
889 395
642 331
430 194
698 594
239 566
296 802
260 645
444 490
567 641
720 917
162 282
813 404
762 460
836 971
984 638
380 607
620 475
336 541
870 601
397 846
561 803
529 630
37 855
46 735
362 848
147 388
592 674
479 571
975 678
959 445
746 250
651 964
675 186
343 24
146 564
3 889
817 413
525 995
103 696
507 275
191 85
67 219
158 294
380 114
384 751
919 817
868 911
963 917
431 651
752 672
768 133
971 398
807 28
313 296
665 515
260 481
371 542
959 161
765 754
267 747
769 621
402 14
647 516
834 13
127 10
211 775
821 817
933 855
915 436
38 979
672 207
929 720
624 712
640 621
165 142
655 303
714 937
118 138
588 962
240 80
661 890
313 740
978 994
17 24
680 872
724 369
192 2
191 860
109 579
593 894
546 960
18 533
420 385
314 652
117 249
818 222
171 862
660 906
418 702
291 180
503 677
383 282
888 344
410 266
754 883
784 115
62 873
328 143
148 506
735 582
949 712
590 730
44 202
129 76
24 422
29 683
766 138
237 584
522 944
402 543
410 718
309 508
457 681
276 235
439 585
427 1
944 181
125 868
841 563
660 81
403 232
133 959
426 203
651 830
601 767
85 470
357 337
454 757
497 86
392 198
378 435
30 344
638 525
308 178
539 686
756 600
703 115
345 219
579 793
119 25
104 366
940 860
783 88
786 140
221 915
705 996
548 76
571 991
643 442
271 485
719 62
235 443
647 782
174 720
800 143
527 212
144 995
734 264
922 220
135 671
827 31
35 539
2 368
165 900
295 981
386 979
98 489
796 874
486 832
685 213
986 648
182 585
594 649
351 638
173 266
66 762
396 47
291 733
176 939
495 503
999 19
984 280
351 500
36 354
112 499
700 236
993 94
386 356
499 277
707 728
456 480
665 236
611 616
171 535
120 77
305 205
549 418
883 296
206 63
410 512
50 539
784 702
896 329
942 262
821 351
404 102
588 919
656 327
563 595
219 33
498 656
918 603
447 17
145 338
332 855
99 548
736 947
318 262
636 261
842 550
255 954
237 846
789 855
186 764
479 785
105 484
638 734
223 689
731 578
739 613
223 284
212 995
677 679
894 951
952 410
756 956
743 938
229 540
765 698
749 213
866 231
69 576
602 457
36 535
878 378
203 14
900 120
387 844
939 402
898 394
688 658
670 518
378 24
235 881
660 536
735 36
761 473
668 99
134 835
507 613
952 982
277 749
683 550
814 444
834 390
84 217
918 924
50 409
477 860
447 770
552 250
456 687
588 744
260 531
781 111
469 643
684 638
761 21
837 168
126 161
185 721
986 847
334 434
605 13
20 645
495 869
666 179
719 663
335 780
664 912
348 137
332 518
818 741
379 613
159 355
842 547
223 700
466 975
361 163
769 68
133 725
229 124
747 755
937 891
29 949
275 493
156 312
721 23
650 178
590 488
630 725
411 873
905 64
268 896
144 766
165 280
717 987
43 692
959 866
946 575
514 859
832 442
26 609
728 379
306 173
786 103
606 380
873 176
614 859
88 73
363 177
628 835
467 239
97 894
509 333
908 820
891 596
430 80
433 156
839 780
628 609
831 908
359 149
597 810
264 831
853 656
488 700
412 986
172 600
308 795
666 501
371 404
486 106
213 674
589 731
571 304
957 547
135 171
83 138
176 984
291 505
24 732
427 745
854 816
176 951
860 65
44 118
306 473
882 408
917 119
21 418
168 682
152 47
116 864
997 953
16 622
354 442
426 325
834 582
923 955
449 748
198 534
381 309
238 422
793 475
803 686
953 29
336 233
781 815
583 615
524 594
454 537
974 829
664 471
872 90
428 680
402 15
185 357
518 353
422 74
227 254
262 547
798 753
436 338
865 864
364 860
527 66
705 837
330 844
810 178
750 387
435 139
978 995
80 554
317 179
50 462
735 909
717 690
847 711
692 976
456 664
537 913
793 575
615 760
484 581
692 583
126 287
862 403
61 400
273 557
818 45
116 327
24 538
757 8
957 726
335 166
693 816
664 554
154 788
62 949
196 399
497 696
244 738
150 456
686 915
291 354
257 438
106 499
769 19
589 434
755 950
883 109
462 360
45 320
341 601
323 34
161 195
141 877
93 596
24 69
354 724
140 694
39 595
158 240
396 829
739 763
521 396
3 997
225 821
262 850
425 959
403 861
857 121
424 937
498 230
869 501
622 151
878 125
511 995
4 828
857 262
165 335
893 944
208 814
65 171
503 377
821 788
398 255
700 587
204 826
630 326
303 70
108 414
550 205
878 718
631 18
868 480
286 911
490 696
52 757
491 447
308 671
511 944
459 733
44 837
207 395
45 540
355 412
691 470
784 660
657 154
827 534
205 854
352 758
869 875
249 114
691 71
127 113
808 169
64 425
62 740
106 828
415 476
779 617
282 387
230 469
893 523
337 401
64 375
638 289
654 522
814 504
135 243
124 558
585 4
932 319
205 363
651 145
618 12
824 827
175 326
6 247
154 441
907 120
765 132
826 847
659 419
90 831
336 403
579 465
162 243
376 319
384 825
921 502
422 289
342 758
759 712
997 211
781 998
673 229
746 469
214 199
570 871
437 300
989 879
355 879
790 282
32 346
678 705
682 780
167 324
668 303
85 203
655 211
217 963
180 241
242 365
536 841
223 61
688 516
122 832
566 549
201 599
75 122
576 549
961 125
249 323
946 491
195 933
472 94
473 779
890 188
382 624
666 589
350 466
351 959
107 203
87 977
57 137
335 459
218 787
93 133
990 173
810 575
114 864
387 258
207 141
409 254
304 431
781 110
178 389
533 765
292 187
170 801
687 260
301 457
858 902
107 390
681 699
974 976
866 745
273 718
482 766
225 136
215 500
269 572
675 343
168 401
957 911
211 277
84 525
603 535
395 106
54 941
333 218
831 559
447 342
430 608
676 856
722 10
319 360
841 744
419 606
756 477
542 176
63 541
522 132
263 486
207 874
263 249
48 658
432 408
73 801
360 837
833 475
412 194
693 127
455 156
510 985
316 550
598 840
506 404
416 116
532 290
511 645
347 684
41 265
390 332
381 965
799 873
284 121
514 715
382 541
643 501
596 435
868 440
796 141
402 179
191 725
326 452
393 515
666 673
227 641
688 925
429 965
731 785
183 762
207 240
102 494
982 898
823 394
715 261
905 765
11 698
177 100
641 519
549 182
861 228
81 562
904 547
857 581
306 453
22 582
770 84
609 228
847 38
563 663
214 865
324 225
736 225
79 261
10 336
152 129
446 742
928 802
964 32
875 647
571 62
113 604
827 504
353 625
203 504
876 875
570 74
811 812
60 327
668 851
559 790
820 534
567 363
536 453
756 672
708 195
198 881
199 456
661 339
412 183
911 159
886 176
330 536
423 785
981 871
798 871
359 919
786 791
716 468
9 950
191 410
378 383
15 232
971 238
238 995
388 478
375 350
839 431
52 867
700 535
821 523
544 11
448 400
840 946
913 186
730 539
236 23
95 220
903 803
819 48
808 319
687 105
122 461
842 685
749 736
31 599
606 123
329 237
934 831
286 733
143 776
383 439
775 523
245 434
858 975
69 100
840 855
517 315
735 563
831 816
577 689
707 766
634 322
227 1000
233 363
823 140
680 166
282 630
187 86
885 371
574 315
893 840
107 735
827 563
370 391
757 297
193 853
745 337
231 694
346 428
474 665
699 96
519 437
928 559
376 891
78 142
150 555
450 305
807 847
159 459
966 969
949 151
526 757
314 288
138 242
102 643
507 305
254 605
440 502
884 497
225 820
95 603
398 307
399 30
276 971
794 776
87 283
532 132
156 144
518 915
603 223
142 935
288 626
916 650
27 357
235 518
929 75
863 392
97 761
303 752
9 803
201 523
147 685
494 724
557 906
397 13
606 309
783 489
161 842
680 838
737 683
644 929
745 864
320 85
172 868
221 491
421 761
870 984
961 988
653 62
726 604
731 413
315 219
672 536
287 145
904 518
98 696
390 666
762 403
196 349
197 164
399 664
861 93
591 116
543 241
716 356
768 741
512 823
179 726
37 357
936 955
153 439
908 257
328 907
992 498
46 533
729 917
533 13
756 506
370 141
388 572
137 756
335 761
524 225
684 141
946 932
843 564
660 998
653 289
939 89
833 510
981 686
602 181
638 559
510 930
994 555
228 702
912 890
146 62
757 760
43 842
319 745
596 553
423 575
744 892
303 101
621 42
456 868
816 545
322 545
783 348
199 869
991 295
279 77
799 682
17 332
454 445
420 229
232 937
787 160
936 91
795 384
64 438
456 288
398 647
243 73
633 96
282 484
448 900
124 877
433 80
417 587
505 672
590 630
183 36
404 951
867 643
689 871
945 253
803 235
141 496
453 302
162 399
315 453
797 985
10 445
600 437
128 771
182 74
419 355
150 497
600 548
505 928
825 641
328 935
792 596
902 271
25 841
524 277
104 718
628 225
573 800
232 146
358 598
586 701
551 957
719 635
704 800
547 810
640 88
588 390
271 463
937 650
8 658
464 468
502 700
85 396
602 230
750 406
641 475
77 792
78 531
730 66
17 757
476 910
335 153
720 52
47 945
803 867
626 386
616 244
389 846
66 205
178 915
203 44
39 642
84 281
106 689
80 576
333 818
620 330
450 590
877 309
628 845
458 69
810 510
834 521
652 461
292 460
331 430
649 517
118 810
18 887
737 844
19 765
629 470
244 884
649 662
10 748
378 766
14 512
182 422
240 755
3 273
689 818
693 986
515 138
387 543
797 780
653 296
205 850
895 277
24 734
116 76
138 362
176 937
339 487
802 981
552 276
886 75
225 476
656 370
875 646
146 928
57 267
98 821
742 234
16 608
855 82
347 94
510 574
372 571
129 905
581 713
345 433
343 138
807 315
848 296
349 789
647 466
225 815
869 78
690 883
964 342
342 454
473 277
530 623
612 439
268 983
413 282
356 452
229 594
985 396
89 199
17 354
345 109
199 126
627 579
646 443
953 958
174 584
857 202
156 629
407 194
246 46
433 579
87 698
127 377
568 621
61 91
801 524
753 779
576 780
863 692
433 301
472 309
991 678
995 675
533 707
734 220
420 396
444 282
192 291
1 451
810 647
690 497
343 553
749 914
828 359
645 855
23 967
49 72
895 265
629 82
918 848
116 443
236 570
861 282
314 207
133 521
831 614
614 114
135 431
926 334
251 632
452 952
310 179
936 766
367 70
209 44
798 132
121 680
820 580
715 626
573 872
209 189
357 461
161 178
293 597
224 542
155 924
530 704
15 440
453 971
989 777
105 543
318 75
240 631
167 162
411 852
150 324
824 187
787 49
832 875
298 174
997 480
265 319
711 310
108 265
968 762
592 198
442 949
259 281
298 305
264 225
528 862
800 19
251 371
967 89
171 278
53 553
833 259
216 342
839 35
938 752
615 568
74 668
377 442
766 956
433 737
306 70
696 450
805 96
678 246
295 982
277 583
558 936
923 253
528 651
643 234
793 537
403 869
80 822
45 828
502 509
88 289
568 619
553 249
610 506
663 100
376 476
70 288
805 979
935 868
681 349
610 365
742 374
335 132
871 86
234 41
107 301
898 198
666 90
245 695
284 809
466 196
31 44
931 18
440 599
283 823
219 181
920 336
318 555
33 329
452 277
556 163
168 868
704 598
337 83
580 41
638 995
203 630
440 292
95 556
564 549
22 568
589 182
42 331
134 363
11 108
667 309
581 530
820 894
199 403
56 227
298 96
480 771
798 813
765 710
877 780
380 292
109 418
52 935
863 713
350 916
83 891
299 342
462 774
23 396
344 333
86 581
548 899
240 302
373 718
768 774
398 217
452 279
29 387
344 107
184 468
204 943
654 126
2 578
51 100
895 943
164 269
365 636
937 11
352 549
635 354
781 138
986 760
678 274
455 655
224 495
792 945
499 551
961 782
945 385
130 399
278 127
362 164
823 465
511 261
352 498
245 803
438 224
11 311
755 677
917 382
188 590
462 21
779 373
854 811
690 264
767 778
91 317
115 179
578 809
819 965
20 998
681 996
699 898
449 916
211 629
282 255
919 973
225 657
319 251
200 369
5 931
424 837
601 651
730 801
824 422
56 784
110 71
209 278
542 80
216 598
488 475
23 137
863 668
367 973
155 757
816 649
545 77
213 311
33 145
825 173
882 902
518 376
782 317
930 496
143 461
539 536
920 518
43 681
852 577
854 147
113 173
865 571
140 427
947 13
434 72
622 649
861 943
257 705
536 756
967 327
435 334
438 563
874 605
607 381
407 893
685 476
123 944
948 647
220 238
93 24
258 463
170 771
288 858
110 709
182 342
239 419
314 982
137 887
106 20
718 311
728 583
337 249
980 613
488 891
253 37
570 473
937 954
989 401
2 669
96 352
745 149
671 165
521 516
495 457
498 31
744 475
869 535
216 788
550 547
359 957
533 437
256 143
882 957
617 252
983 469
312 150
760 532
155 544
303 472
346 824
513 858
697 37
916 257
540 693
647 755
27 490
872 93
858 16
203 237
266 854
647 512
815 482
265 258
530 270
911 959
643 565
551 484
240 374
757 703
539 484
649 100
423 625
248 865
449 222
910 125
416 769
606 460
77 595
84 318
178 775
622 826
623 615
772 245
956 890
395 93
905 428
368 394
571 661
809 8
147 625
4 302
260 944
890 101
330 188
481 56
616 224
810 26
400 66
644 749
813 722
151 303
399 785
625 562
741 944
577 695
465 765
62 809
943 928
768 620
514 128
861 119
225 285
690 321
448 636
159 6
26 534
7 466
390 478
619 314
413 919
732 123
716 848
384 131
976 557
201 513
638 117
819 829
971 866
793 154
523 1
858 432
401 721
129 866
441 48
59 737
465 202
232 235
217 601
34 929
931 437
91 176
823 739
849 515
464 14
636 364
102 528
195 398
414 940
705 557
356 155
142 826
547 60
294 209
523 461
949 475
891 100
104 338
164 564
442 946
186 792
207 630
687 696
100 998
341 508
930 683
736 914
791 750
278 391
151 143
558 566
655 271
239 950
511 957
558 574
789 898
893 40
601 89
213 803
343 852
142 481
350 388
373 45
602 565
396 84
693 507
411 433
875 116
438 874
315 221
278 963
154 85
709 485
947 400
362 208
231 337
827 870
832 976
901 804
576 469
353 876
483 781
923 568
637 756
292 219
594 201
25 194
867 525
409 803
600 586
881 819
927 52
1 121
883 221
441 370
774 348
633 390
580 155
695 343
713 318
346 305
399 297
949 146
594 378
388 973
996 314
945 748
584 444
413 14
933 727
298 990
797 424
781 995
214 218
217 806
993 726
981 684
821 83
753 261
720 947
355 993
891 147
657 575
485 622
235 599
843 788
19 182
97 682
574 900
48 934
700 618
973 538
386 402
377 379
798 607
786 127
623 558
94 184
244 717
652 596
84 374
502 141
123 728
67 132
269 228
493 582
480 857
500 486
895 831
883 863
165 932
723 902
540 208
453 121
184 674
349 56
254 367
828 458
741 871
667 844
26 124
227 981
830 291
858 901
984 760
359 802
261 275
222 600
978 490
376 104
644 643
16 201
422 821
757 382
980 467
267 88
141 639
608 721
578 806
999 358
307 802
876 755
474 351
81 151
443 121
224 761
613 369
100 260
137 278
101 45
512 486
739 999
549 266
976 787
355 686
742 814
321 450
121 976
713 564
356 3
620 863
336 1
872 467
122 542
105 452
346 934
163 676
403 405
167 269
962 252
998 742
303 278
844 248
792 419
42 78
377 867
706 249
670 324
449 64
565 178
70 624
881 69
460 320
668 189
891 44
13 976
360 564
469 254
238 949
921 847
631 38
104 889
445 101
424 661
986 762
804 643
970 151
588 810
936 283
368 205
511 702
653 866
856 82
909 504
253 670
89 677
40 127
993 769
283 261
676 340
880 199
480 213
45 771
672 723
103 13
953 794
19 876
757 48
357 898
770 83
378 225
614 66
81 576
286 174
559 735
803 137
14 800
110 693
183 187
315 483
746 965
799 93
822 278
370 497
530 255
393 702
693 619
866 266
509 922
89 419
349 625
480 640
813 194
779 126
423 371
690 527
50 686
327 626
826 63
936 659
756 316
133 821
102 666
927 991
708 206
158 299
786 624
734 842
509 621
954 714
773 374
846 852
351 286
794 819
754 15
534 945
706 170
877 979
414 595
221 943
347 540
726 24
271 287
800 9
340 239
588 104
492 21
827 688
166 210
95 72
316 811
799 846
468 990
435 143
643 466
259 477
776 241
796 236
838 371
622 682
145 486
74 452
679 609
701 41
724 382
459 906
585 976
801 755
108 235
202 96
97 158
706 560
102 393
175 311
394 227
550 353
794 159
575 822
266 532
598 637
512 836
815 474
344 608
352 746
370 672
875 937
568 943
628 908
300 202
895 267
272 427
805 543
386 447
48 333
773 715
504 324
729 781
659 866
452 172
621 896
145 844
977 379
727 435
852 212
234 356
202 774
168 650
449 595
530 796
124 347
34 79
327 598
113 718
348 403
833 757
771 264
375 842
918 278
533 456
534 627
739 767
433 754
360 176
826 309
994 915
45 730
56 184
596 818
703 126
543 753
200 450
288 27
18 140
351 608
811 457
962 87
35 851
307 150
255 756
913 886
829 293
673 281
200 981
330 876
757 515
503 805
770 548
328 503
83 669
100 709
420 204
295 976
648 423
558 942
351 980
652 407
232 944
306 215
446 779
819 303
107 1
126 319
519 982
353 897
840 621
571 271
935 870
119 963
101 628
572 915
24 745
116 23
617 750
124 187
788 747
292 986
901 948
295 485
686 270
10 279
488 805
968 495
732 88
555 561
292 553
333 131
885 630
300 460
674 321
215 163
362 661
971 769
93 515
63 895
584 46
73 559
223 613
59 524
29 940
950 348
510 711
385 532
980 342
413 446
347 422
901 409
180 78
118 616
852 696
65 794
347 580
702 94
243 663
355 113
648 150
151 829
62 328
763 205
449 133
268 767
948 361
36 611
386 878
9 685
32 794
730 417
256 978
386 769
504 994
796 501
340 72
822 860
288 483
416 552
224 481
259 162
248 487
517 970
226 290
838 101
992 853
465 683
130 175
594 195
845 537
439 200
362 983
435 929
699 60
158 899
196 82
626 539
110 504
438 435
993 968
278 552
301 905
362 783
333 56
209 106
449 539
730 700
877 776
483 484
781 949
357 259
431 524
12 674
696 755
556 267
408 227
797 395
431 765
531 803
259 873
605 243
494 343
212 524
368 127
961 989
386 882
330 627
312 986
475 614
133 148
401 835
372 998
322 207
878 424
956 626
365 424
597 256
468 852
820 481
179 411
52 907
840 922
378 57
605 646
863 82
97 919
577 109
578 222
477 210
585 682
390 805
140 308
399 274
217 415
36 869
991 335
244 960
596 157
987 929
942 749
107 56
897 512
456 752
827 963
420 107
696 306
461 577
10 747
529 189
748 196
170 769
124 908
549 259
510 97
8 586
841 989
736 229
883 374
611 679
723 481
228 513
230 243
582 356
513 355
923 656
525 764
106 308
535 517
972 535
737 382
579 472
324 274
716 524
352 690
774 180
689 264
323 218
142 514
189 765
794 897
526 676
29 916
860 386
328 563
995 445
388 789
650 192
265 38
13 640
233 634
87 371
768 155
237 162
756 578
427 342
393 202
373 207
623 274
366 297
43 774
905 103
680 912
839 282
531 29
810 44
976 316
740 429
389 943
661 787
204 866
761 555
13 836
532 544
619 978
384 716
196 929
724 383
598 400
931 575
507 657
218 804
771 454
793 514
757 241
316 505
525 203
121 417
282 294
515 973
147 706
405 317
889 26
410 229
28 596
13 264
917 501
483 898
475 711
217 886
574 881
537 295
499 428
656 435
896 450
804 203
842 386
46 658
931 200
797 14
418 13
96 159
224 836
940 906
543 574
819 831
845 771
719 798
320 946
319 172
690 560
931 294
864 771
833 756
101 100
339 177
413 40
43 55
685 764
122 740
642 721
220 965
705 547
759 656
548 795
221 769
717 188
644 364
186 964
285 816
714 642
218 341
477 552
977 992
227 1
467 622
229 627
947 824
235 762
354 132
282 601
982 258
434 300
757 514
351 817
544 43
288 361
531 279
559 237
248 605
718 309
49 604
50 495
197 364
684 882
188 97
944 975
871 284
451 721
277 916
291 888
277 437
153 895
338 325
891 531
822 306
383 343
59 357
41 914
408 427
379 896
32 699
487 501
736 335
3 362
921 243
617 604
465 735
266 920
139 154
513 393
183 77
96 93
974 872
888 489
228 586
135 238
873 379
968 385
343 267
568 827
552 320
36 369
129 49
233 854
214 540
167 686
595 851
871 803
12 601
50 740
90 905
879 395
555 577
333 19
941 340
690 980
485 168
885 663
281 569
673 783
143 167
200 423
647 777
43 19
636 370
836 348
698 285
220 937
408 464
976 87
124 205
664 276
14 446
731 332
289 465
441 526
1000 379
329 424
716 111
476 708
387 847
196 248
174 647
178 890
506 95
569 642
734 351
825 481
312 652
155 489
743 535
438 699
352 568
848 605
558 600
619 922
639 343
750 740
678 273
59 419
26 344
551 973
782 787
222 828
29 703
923 331
562 393
529 208
803 645
828 452
187 436
80 932
28 668
931 981
257 166
171 984
440 276
876 7
374 949
140 853
805 581
21 182
676 561
854 814
788 648
664 918
937 887
599 734
102 914
250 865
125 83
1 91
24 484
776 947
86 614
881 942
642 964
238 285
207 742
59 698
522 318
997 16
621 932
289 945
522 129
302 937
697 157
219 289
975 962
574 757
96 532
150 817
281 646
198 665
398 495
418 505
356 18
904 336
375 83
200 673
807 966
648 853
481 996
869 665
377 571
764 417
370 298
179 365
786 191
204 385
401 219
848 140
460 322
924 209
91 199
985 37
861 650
453 980
695 930
88 928
786 97
878 651
330 933
170 714
868 421
302 327
286 968
32 807
199 837
809 17
577 29
905 518
622 154
72 707
783 557
571 763
532 867
757 796
978 539
995 651
176 609
748 433
987 875
473 693
112 339
97 225
814 242
106 881
962 139
513 856
670 232
444 481
27 651
49 471
582 126
326 901
1 631
353 825
126 86
625 885
793 97
477 408
210 245
376 245
548 221
326 679
650 653
957 799
465 449
160 657
474 305
917 113
371 939
882 31
889 554
124 305
271 820
827 364
738 769
542 145
581 693
306 499
733 538
57 489
510 653
442 246
1000 247
381 416
369 408
236 395
748 668
918 866
129 704
753 370
455 238
904 332
13 528
51 485
983 308
53 319
597 434
155 323
392 15
838 964
179 329
553 692
660 760
511 676
866 405
942 998
344 439
307 45
550 219
78 710
888 820
526 144
182 858
420 859
493 635
683 983
995 969
580 953
541 429
550 929
553 487
865 437
884 62
558 912
925 959
948 576
79 996
541 719
453 476
277 257
830 759
746 754
107 436
509 376
715 693
112 462
519 637
42 159
600 339
233 366
949 672
534 90
22 430
25 122
23 963
392 851
390 455
55 82
811 720
695 109
219 89
172 398
73 294
965 327
842 530
989 321
862 977
387 797
637 463
693 589
327 963
662 472
632 177
279 904
107 897
243 321
775 232
627 984
12 660
87 48
733 638
350 642
152 303
48 704
232 125
734 804
189 625
688 304
462 959
618 561
308 33
754 49
807 57
995 297
762 548
703 616
713 812
91 960
644 362
167 303
575 434
947 827
422 546
846 707
264 229
506 56
344 403
435 124
329 449
983 232
501 195
431 232
588 797
834 445
415 676
878 562
239 800
352 652
390 994
563 22
303 787
911 592
511 156
690 175
892 841
897 248
839 978
364 498
44 155
495 616
685 488
979 183
603 867
839 611
988 319
435 681
803 781
87 963
685 377
172 332
731 277
28 808
909 881
414 273
242 520
22 330
760 181
615 614
941 32
215 351
417 396
714 966
791 961
297 874
859 726
132 768
498 320
193 421
30 227
451 74
294 422
306 891
590 987
100 355
941 339
856 20
253 347
897 213
494 95
172 807
488 84
986 511
884 581
901 374
388 863
859 148
271 2
225 830
457 79
834 938
377 941
838 866
986 17
739 535
643 848
899 762
773 221
612 75
356 265
892 203
843 777
751 640
19 187
791 553
114 327
725 293
386 14
193 237
981 124
491 133
514 737
19 409
977 749
743 534
726 800
947 53
655 364
969 557
553 430
990 117
810 263
282 860
47 476
710 372
197 335
182 701
808 252
311 475
684 855
121 93
448 251
11 730
5 985
409 192
359 124
53 973
628 699
450 76
314 847
595 306
762 612
213 720
858 896
231 902
796 543
571 301
353 796
872 892
547 260
660 943
966 334
900 872
742 481
944 296
135 798
158 886
107 666
695 53
236 830
349 761
25 163
137 569
559 538
873 487
232 505
822 440
237 632
152 218
741 312
627 283
137 650
655 712
585 260
659 525
941 962
609 670
537 169
719 721
851 585
600 839
565 763
177 522
142 548
163 587
510 662
792 25
918 745
812 420
775 304
299 123
601 655
431 526
53 56
272 945
151 671
833 556
650 42
678 831
397 571
368 693
459 206
21 587
975 782
246 650
215 486
820 205
949 495
942 856
744 959
928 166
470 317
825 290
882 789
338 892
368 369
891 33
798 559
322 380
929 716
640 665
53 508
915 273
368 482
867 8
856 311
378 71
307 65
805 450
754 426
666 568
403 594
672 409
416 930
588 805
420 183
339 961
801 724
911 539
257 630
934 904
429 848
258 88
957 346
953 570
175 397
311 221
206 301
724 170
376 24
486 109
876 413
749 937
427 593
689 134
619 453
965 209
586 774
288 973
571 166
857 217
188 622
102 44
304 856
831 585
888 145
543 69
5 358
128 176
642 937
111 52
385 432
871 606
730 670
145 806
293 956
534 618
829 858
665 745
465 886
959 459
11 427
272 925
425 413
423 190
924 993
954 696
242 246
194 117
75 909
808 745
113 99
593 281
740 472
762 624
667 482
255 733
152 853
995 234
609 343
561 177
929 744
689 452
978 843
597 147
304 870
269 216
291 608
134 96
135 691
523 865
27 995
213 779
306 95
18 875
10 939
563 61
8 901
363 35
23 143
616 657
157 953
503 839
988 421
240 645
162 121
939 927
279 342
802 673
153 537
20 614
666 464
480 99
597 696
71 673
476 23
439 157
907 282
279 564
537 470
422 880
138 551
120 168
463 219
471 157
201 489
591 188
594 112
25 155
499 204
673 519
565 529
768 829
276 12
209 149
780 940
765 106
342 261
233 695
924 551
923 924
11 326
51 693
416 502
180 343
501 797
696 685
513 777
475 642
901 418
268 865
267 702
532 130
458 968
95 890
1000 498
13 563
269 393
324 820
377 801
646 265
26 654
868 137
725 256
317 315
311 675
919 416
706 431
709 796
530 129
773 270
950 802
459 837
635 492
265 540
213 190
325 916
973 852
942 733
669 635
508 913
145 455
739 491
300 6
886 78
746 565
230 738
408 605
127 126
849 964
829 230
117 52
580 723
619 773
572 72
323 586
568 991
667 843
880 913
443 117
227 778
547 363
768 588
567 884
698 901
49 111
15 950
642 220
989 307
82 497
409 807
306 289
510 409
872 590
747 638
659 752
310 144
167 825
479 635
462 335
16 685
242 973
744 279
946 975
483 847
124 489
436 989
536 3
648 605
451 430
333 371
839 361
938 266
665 594
481 877
9 22
816 738
655 171
802 333
52 156
15 8
109 413
359 955
240 468
440 246
60 679
318 251
946 640
657 563
612 851
307 838
329 642
872 229
990 713
592 8
866 491
948 967
84 412
193 852
322 281
805 348
401 142
557 740
919 452
998 939
583 987
970 492
218 585
131 178
848 960
819 193
499 97
597 60
402 162
377 89
363 90
511 34
168 92
294 524
667 34
338 404
550 349
496 712
888 698
888 297
923 506
233 404
362 48
839 582
475 499
790 14
101 405
874 151
628 346
223 902
206 240
263 27
836 879
659 814
828 667
153 405
201 607
581 957
489 1
824 734
197 932
842 555
851 676
244 321
210 305
16 634
146 969
827 322
81 36
819 963
745 77
331 188
163 586
807 269
920 79
778 21
284 718
31 744
589 85
123 283
919 804
705 632
104 97
750 408
532 203
648 968
551 635
320 521
703 587
947 596
964 542
289 258
220 830
9 899
963 734
967 254
950 968
8 69
174 566
237 366
902 766
338 711
523 759
28 143
654 111
736 862
438 746
613 612
799 743
93 448
916 797
204 607
406 487
781 169
303 869
496 357
121 120
790 200
115 598
23 219
83 436
945 305
732 991
568 552
75 552
974 900
46 411
992 227
554 662
611 603
595 446
563 668
488 578
244 391
742 386
286 164
396 604
594 141
833 963
979 342
742 29
237 603
46 131
702 767
333 72
445 654
983 242
486 430
414 155
590 16
849 234
812 506
87 429
986 492
60 916
253 258
698 497
627 13
555 280
422 273
389 488
411 544
914 407
355 863
854 359
857 385
285 184
18 277
369 111
298 37
446 501
982 27
765 649
752 552
761 718
947 801
341 114
108 291
369 841
942 996
65 112
290 803
152 768
728 351
526 150
108 449
878 677
442 765
633 742
151 215
304 758
729 187
123 644
217 335
222 216
499 629
205 947
793 519
496 641
593 885
170 974
448 839
374 678
785 155
736 567
199 585
629 436
940 577
297 449
174 121
129 264
469 703
370 732
116 392
153 130
961 747
896 598
624 363
419 434
746 914
340 583
55 428
701 602
119 793
279 676
999 341
289 684
181 502
128 238
92 215
165 491
685 70
278 612
617 784
689 387
196 149
59 887
524 475
564 728
105 213
159 432
147 280
555 503
169 688
665 347
501 875
655 944
612 371
637 513
22 511
543 751
871 722
74 846
436 105
372 827
200 620
203 831
384 627
114 462
43 982
100 141
318 220
88 717
195 659
547 268
200 763
402 107
562 973
285 958
768 408
109 218
551 391
295 535
350 220
384 213
981 102
857 40
216 160
787 789
938 875
776 2
152 796
762 887
320 142
601 51
819 228
131 395
911 700
673 707
39 977
44 829
407 109
504 970
112 191
156 706
490 372
342 844
628 562
260 544
779 528
174 405
568 625
2 779
970 909
255 133
681 310
898 397
595 280
297 573
814 250
92 486
330 447
225 195
291 872
448 558
555 791
483 816
144 611
324 32
431 516
906 838
581 984
180 615
254 816
332 618
742 37
873 410
157 369
214 386
304 836
850 890
506 964
894 371
147 308
25 912
924 516
392 397
871 609
68 850
952 325
702 297
530 542
158 359
54 436
147 18
320 558
407 241
854 431
134 843
312 962
55 794
425 357
299 332
490 773
277 634
296 470
227 62
300 426
520 453
429 567
951 854
825 486
790 592
812 804
463 872
691 397
505 162
126 530
734 493
348 568
611 98
973 887
796 208
249 165
567 663
805 14
364 306
58 178
830 595
210 712
93 637
269 961
933 426
576 815
850 504
28 616
1000 841
468 359
855 498
365 809
560 685
776 634
151 338
339 242
103 117
931 982
839 577
992 216
991 922
896 542
555 883
771 846
480 411
872 909
492 934
119 705
300 29
175 815
125 80
966 622
256 191
816 67
546 308
285 256
617 41
533 42
20 83
132 629
43 338
561 785
814 573
428 264
341 537
398 549
842 778
955 505
993 686
794 937
246 992
679 748
584 477
656 954
825 981
425 423
302 799
626 219
256 455
654 84
797 56
446 478
857 469
894 984
273 644
920 992
132 201
543 965
203 84
520 274
901 155
243 887
890 262
160 385
92 836
437 603
995 65
620 306
364 112
455 331
562 759
946 278
322 540
14 382
821 630
473 920
790 495
995 831
350 405
893 578
697 937
499 521
631 752
419 788
583 365
72 597
325 141
433 562
280 514
933 577
407 891
46 41
140 22
71 558
430 148
184 818
404 995
296 812
395 160
895 397
608 837
898 25
906 572
524 67
796 760
6 627
385 123
863 751
997 718
245 617
410 478
233 145
966 460
487 540
54 897
684 568
202 924
8 889
408 51
279 752
410 577
508 380
863 826
898 426
258 525
43 289
419 997
474 431
352 86
82 728
233 860
474 94
111 167
223 441
439 748
78 340
660 54
661 347
720 233
226 638
371 635
423 555
329 895
754 8
597 421
173 950
544 694
63 486
691 521
802 370
313 423
777 80
765 633
678 912
152 626
973 588
890 282
120 60
144 610
860 962
79 594
886 838
389 572
730 498
490 639
252 626
675 968
804 684
278 223
923 22
778 831
377 16
840 664
26 705
472 316
92 765
573 887
79 993
226 375
186 171
889 30
853 699
291 190
166 738
250 595
970 840
534 89
171 549
317 767
599 391
948 903
791 475
428 35
673 590
955 210
79 458
651 253
214 615
840 50
971 792
54 28
224 823
560 177
572 747
267 837
825 819
842 755
990 64
133 788
47 154
278 396
765 473
768 93
346 121
220 594
884 505
461 280
582 768
110 1
517 975
275 44
445 996
318 114
393 153
378 441
267 688
821 121
290 755
385 813
58 55
913 483
911 104
454 909
627 695
921 1000
459 25
740 510
941 833
394 644
346 701
772 433
77 571
26 575
910 35
677 380
386 805
679 290
79 566
351 829
557 898
982 369
341 375
35 692
198 160
883 984
184 430
386 822
248 596
966 165
1 661
324 60
365 546
567 506
593 967
919 168
27 953
353 337
363 1
520 870
5 994
113 652
891 535
620 175
639 157
931 684
272 95
145 743
24 976
250 516
571 258
351 897
274 788
594 929
12 734
150 131
723 191
266 900
866 589
281 193
694 383
676 990
662 153
521 795
918 887
119 764
671 69
374 847
107 576
662 264
167 682
107 831
48 373
147 454
744 394
941 336
910 929
712 104
821 716
389 414
232 205
638 885
308 226
128 408
203 979
797 418
466 658
450 15
233 677
513 875
534 899
95 715
226 550
428 395
673 109
329 138
506 278
367 551
540 763
726 234
748 630
51 478
277 928
96 985
902 897
706 30
801 370
30 604
17 291
454 293
751 754
900 98
990 379
696 135
304 800
605 558
394 436
867 207
227 364
191 777
585 514
162 821
792 952
586 444
128 764
914 110
828 81
701 989
225 12
910 717
260 517
149 783
168 380
611 976
219 603
274 888
166 810
560 573
267 449
400 686
24 714
405 83
542 524
647 753
241 737
186 98
802 321
33 765
34 174
459 863
668 977
564 738
285 287
432 893
361 169
159 506
732 424
175 634
976 59
319 224
440 130
664 39
494 126
115 327
574 530
367 869
5 162
85 404
857 427
418 501
369 65
117 995
584 700
610 676
755 437
686 965
981 827
798 643
270 88
739 873
687 649
874 896
375 333
674 516
397 363
181 564
807 800
222 448
44 992
170 295
152 806
959 997
32 204
98 69
557 970
826 559
982 697
316 924
571 654
164 296
221 265
978 900
886 5
246 228
713 219
909 498
568 716
999 879
53 957
735 689
408 632
45 893
581 347
983 731
755 616
554 517
396 431
335 212
637 596
249 787
412 835
36 215
76 996
546 516
598 821
920 497
573 521
386 469
262 288
449 815
641 425
327 987
590 999
400 473
190 465
262 66
393 817
327 616
755 85
543 356
911 448
90 252
517 601
829 855
703 866
157 90
432 583
203 900
873 796
584 329
377 618
468 663
397 685
713 820
777 87
501 457
123 459
126 756
604 698
346 678
352 791
313 746
601 164
70 737
397 399
933 813
668 14
383 120
198 325
952 809
465 810
780 896
800 237
443 799
460 727
654 165
325 223
566 951
143 994
862 14
990 195
813 698
410 807
838 23
269 776
239 750
809 275
774 815
649 698
407 670
624 286
594 954
279 448
301 204
530 869
382 77
240 614
576 448
776 642
779 293
727 619
418 919
665 142
775 945
102 975
321 235
74 15
200 67
292 563
519 428
797 522
512 646
513 243
368 820
882 261
350 759
497 865
817 438
802 66
786 575
422 481
271 901
309 114
356 127
538 632
759 766
890 891
906 228
212 867
48 708
547 746
911 341
4 663
167 197
902 888
954 779
51 596
346 920
946 667
142 940
803 850
493 936
39 284
613 887
409 232
356 480
811 682
956 567
99 94
463 993
32 133
715 184
18 936
155 65
711 76
948 258
575 749
445 280
14 311
36 811
588 872
429 772
415 305
623 870
188 237
745 760
736 394
303 652
396 433
405 461
153 156
851 117
67 546
747 196
729 593
839 748
538 286
595 120
896 419
399 528
612 989
701 636
79 312
997 773
599 561
525 686
860 3
758 880
951 244
231 949
133 597
375 518
300 824
267 787
824 692
197 606
471 19
699 244
348 478
115 509
81 61
509 307
587 887
548 503
646 940
562 874
941 736
674 61
94 724
604 512
354 609
831 241
725 606
119 291
559 824
180 421
561 550
321 281
32 340
379 15
271 191
645 872
119 65
948 81
860 869
347 602
728 507
545 155
88 858
36 538
312 802
520 455
762 806
249 329
601 156
857 10
491 260
700 720
937 226
938 845
83 299
672 113
70 587
530 115
785 605
808 337
962 289
338 512
728 136
420 238
757 771
406 73
615 677
605 825
523 612
575 999
672 718
377 184
48 836
895 26
512 569
19 857
512 770
123 797
508 517
658 512
297 680
686 82
279 520
249 743
624 437
309 581
129 487
827 8
339 466
550 796
239 373
741 723
923 650
104 680
128 168
954 108
675 138
76 389
958 575
371 835
101 86
711 797
488 37
674 261
72 292
256 187
826 773
530 753
821 414
702 435
960 830
449 319
436 35
879 249
536 145
60 727
521 323
26 803
512 138
198 557
420 767
711 353
330 716
656 690
77 625
722 870
50 334
216 154
986 898
606 363
623 587
539 318
460 605
935 672
544 104
420 179
791 924
299 886
306 6
93 334
502 386
585 910
788 885
236 346
594 580
153 826
481 133
504 226
388 514
365 779
25 496
46 189
603 943
451 458
417 622
277 378
185 762
420 375
972 513
975 487
278 893
561 375
706 888
305 177
396 712
733 81
556 430
704 345
671 911
286 171
16 955
881 867
78 9
758 703
319 289
642 818
721 779
225 580
10 184
266 14
641 74
271 819
417 41
498 23
45 482
46 965
951 137
705 369
811 183
872 423
467 909
643 910
714 196
54 451
916 410
557 472
650 202
355 832
925 84
587 541
146 349
3 727
369 108
721 215
467 747
229 968
602 114
394 543
949 463
790 845
117 631
616 74
51 142
433 664
18 50
971 152
518 751
132 62
527 535
818 525
685 746
860 988
130 523
465 331
255 772
578 141
533 316
311 633
44 852
248 583
429 910
1000 598
982 730
287 496
53 766
348 738
683 603
460 720
923 232
729 297
53 879
739 320
871 327
999 146
411 429
250 383
538 345
904 634
340 364
790 90
352 434
372 61
83 194
67 585
837 85
909 840
715 569
667 954
542 570
67 726
598 854
214 667
68 488
144 349
223 987
168 595
576 368
336 757
712 912
362 205
381 27
129 88
941 473
444 855
319 325
401 353
54 18
312 493
439 556
613 289
280 75
686 471
806 680
842 753
773 433
901 652
479 912
923 912
284 642
470 189
233 341
402 821
275 449
630 991
258 817
480 897
581 549
195 374
697 216
318 254
882 228
21 542
207 939
613 916
890 747
532 142
346 921
475 304
846 554
372 949
89 150
750 198
402 102
248 790
763 73
437 608
204 813
613 711
687 832
51 226
127 439
38 428
574 242
903 1000
761 457
192 860
568 423
696 348
952 966
240 104
203 380
921 697
778 846
726 648
287 468
700 275
573 525
576 865
23 62
207 269
376 263
909 57
433 320
531 507
331 609
481 92
120 780
429 148
913 847
788 813
951 307
718 554
535 48
79 116
923 274
62 866
836 593
987 711
733 503
55 239
922 352
228 737
102 142
968 312
720 841
422 769
520 725
245 702
779 465
695 93
533 162
257 495
618 90
730 560
881 900
510 492
183 414
612 572
82 271
907 450
587 117
590 895
828 832
423 28
176 295
105 106
952 328
275 477
812 332
427 246
651 243
393 42
67 159
431 742
33 19
324 630
953 98
315 861
744 57
229 959
488 375
476 956
191 375
453 704
612 199
904 152
668 337
49 775
356 389
776 197
947 794
136 747
291 734
950 915
540 923
703 377
247 813
583 983
786 119
92 786
271 461
19 412
231 505
17 67
623 679
574 377
898 613
9 551
72 685
114 772
112 301
352 284
836 550
113 446
514 546
680 74
753 564
650 814
79 72
326 12
603 834
917 276
224 181
675 478
894 214
70 404
220 33
663 353
874 571
581 40
174 406
55 401
667 531
195 242
638 42
914 968
645 467
441 150
722 1
229 165
963 249
971 802
151 398
148 11
775 158
923 939
324 692
205 247
102 577
485 327
199 473
825 986
964 373
276 806
481 796
933 580
808 868
129 588
494 350
595 689
797 53
124 239
640 368
569 78
237 72
368 556
869 643
115 231
894 814
588 237
496 221
276 747
498 519
271 970
730 362
199 29
847 977
596 599
112 28
735 12
39 517
558 527
264 305
13 170
655 335
677 131
164 298
520 194
776 172
999 792
47 511
288 518
469 648
221 440
211 254
32 539
547 497
770 777
240 670
573 180
278 16
712 410
376 430
927 365
898 101
572 12
139 265
765 715
358 93
231 929
310 272
183 2
666 104
116 39
922 158
63 760
15 837
567 184
415 191
988 147
76 885
457 973
594 246
421 874
975 407
228 520
251 327
230 234
893 810
644 460
462 489
360 303
512 700
324 394
419 406
974 68
319 177
102 771
425 370
710 578
146 553
661 134
965 51
210 926
338 107
54 337
683 69
384 845
913 664
647 452
81 405
232 7
623 69
169 634
591 539
406 889
228 644
209 361
815 448
379 89
753 372
185 256
901 474
687 585
328 173
62 41
441 402
161 744
159 941
97 746
134 741
28 120
259 436
758 272
497 646
243 965
970 685
658 114
161 970
389 586
265 628
782 947
680 853
365 571
991 283
485 719
732 665
363 38
314 86
151 433
505 441
698 648
719 306
255 842
838 164
126 154
60 505
595 497
278 943
966 376
434 681
220 122
667 573
131 731
961 664
718 338
709 42
106 113
641 282
366 967
920 463
331 896
832 747
340 946
876 668
770 337
202 959
465 39
817 202
621 836
286 23
627 207
129 200
647 10
281 437
232 325
747 550
108 808
253 433
310 824
848 383
336 419
802 64
824 504
695 399
777 774
890 889
172 968
161 57
146 303
310 602
703 17
582 918
754 43
78 593
566 442
471 546
368 321
39 286
702 170
821 792
5 299
672 248
13 784
842 668
435 66
116 892
666 970
712 97
635 708
425 952
8 144
711 78
351 847
463 769
193 293
122 389
613 351
198 54
273 141
207 268
300 610
541 572
201 995
917 541
793 743
373 165
447 866
286 548
936 249
404 567
44 494
562 111
231 920
782 600
605 139
187 673
888 385
822 692
820 516
638 775
25 88
603 519
306 531
36 376
314 6
704 386
63 897
301 584
654 816
534 346
854 999
637 493
474 499
993 533
704 672
392 546
390 221
582 577
52 468
694 15
6 13
355 701
781 905
980 900
431 624
541 532
694 958
271 923
21 656
557 398
831 243
725 604
318 386
671 410
153 866
807 74
460 119
703 53
545 447
752 741
55 790
683 73
276 609
170 44
318 252
13 594
270 67
492 183
165 279
536 853
296 474
889 79
246 322
708 691
527 25
456 768
695 855
347 717
813 828
208 661
190 773
639 638
195 913
203 394
61 399
630 279
151 170
563 346
322 564
490 690
536 738
166 365
446 973
705 462
465 897
173 464
679 796
305 856
438 988
700 423
280 554
903 514
245 462
249 907
237 184
931 845
110 836
338 179
124 864
529 858
568 896
272 205
845 640
917 275
75 656
115 927
64 687
201 63
197 141
144 279
550 899
560 911
772 35
257 89
522 455
319 271
570 459
612 578
798 187
376 958
909 706
282 472
38 764
755 122
367 128
884 286
685 795
851 591
120 451
432 975
668 754
894 149
814 108
747 895
470 250
518 84
186 677
831 23
105 435
473 439
327 308
589 33
882 45
95 808
756 630
618 283
835 353
263 760
656 860
252 277
34 704
308 487
844 241
310 701
812 599
467 702
86 148
839 302
881 91
824 125
44 306
260 17
9 791
359 581
806 12
593 721
956 453
106 676
578 477
312 687
353 261
934 531
133 463
771 958
84 147
502 230
677 130
148 944
330 63
113 389
575 551
154 321
352 230
821 739
724 466
562 469
780 284
619 780
840 719
287 316
276 301
54 601
914 470
662 792
151 285
64 493
27 787
505 269
641 531
325 26
550 717
221 89
645 727
939 966
101 547
763 666
253 872
549 267
555 962
442 137
480 460
212 277
504 450
289 554
26 523
456 37
827 22
585 483
7 480
284 875
836 840
819 954
606 598
384 177
738 566
99 828
444 845
907 47
469 306
254 844
807 462
510 474
9 405
232 362
140 549
419 614
793 309
225 715
9 486
443 587
271 930
152 474
869 115
525 807
341 938
324 411
24 858
501 692
178 761
506 730
214 27
511 591
267 243
450 997
70 570
180 14
185 368
665 958
625 229
122 797
108 280
541 132
229 680
325 553
52 887
401 73
919 267
26 598
423 760
193 175
133 646
549 794
109 787
169 70
44 854
942 722
13 205
514 594
17 10
553 488
330 83
39 953
745 880
179 778
515 932
495 748
5 906
780 256
701 30
466 618
514 231
823 275
760 816
68 970
264 565
872 811
12 248
6 986
409 988
836 397
175 653
225 734
666 252
286 133
841 882
509 964
718 136
393 705
453 525
863 794
366 806
572 597
837 575
120 396
87 88
508 243
592 742
349 989
777 948
907 343
779 226
20 134
60 955
920 908
66 324
962 295
884 596
659 470
350 532
226 542
744 223
561 575
472 898
588 336
700 890
627 266
898 974
955 771
886 533
423 809
725 665
372 989
661 605
575 443
482 470
653 541
873 543
752 472
750 183
53 397
626 449
477 593
77 567
799 900
265 693
892 412
456 884
626 336
956 673
60 366
888 855
939 565
423 668
799 789
467 340
239 952
810 298
677 90
183 641
724 411
130 327
787 740
58 605
865 347
900 718
408 516
28 513
212 230
804 418
184 895
637 936
603 888
626 203
838 129
714 435
419 21
883 536
478 752
852 293
211 407
644 640
287 42
900 883
244 85
708 292
395 125
638 499
695 46
133 127
723 417
638 12
841 83
21 124
122 922
7 185
451 51
950 11
147 458
720 504
940 245
155 855
962 605
877 590
271 885
940 132
891 478
599 897
91 150
717 118
189 573
525 879
768 172
114 412
134 497
526 535
512 161
424 513
498 910
18 233
94 388
520 379
683 217
481 577
557 704
943 347
160 122
114 721
278 462
425 10
388 410
268 752
416 238
930 709
362 930
199 968
471 807
535 658
243 956
445 456
53 345
662 531
166 354
117 496
142 459
787 530
560 995
165 938
41 212
630 54
460 794
49 705
196 624
453 111
188 461
59 296
122 415
409 201
905 716
526 284
936 214
266 812
893 546
892 987
487 273
988 282
127 894
371 264
120 8
103 193
163 52
945 122
16 850
589 523
680 505
370 451
595 134
565 546
126 865
345 647
346 360
868 725
689 462
263 311
33 354
660 313
225 686
483 414
889 647
945 693
360 467
52 425
475 802
563 277
99 590
491 507
285 61
808 982
806 577
733 703
402 891
241 289
848 471
351 300
958 796
342 33
695 106
276 919
544 687
7 609
547 564
105 48
40 670
113 120
317 366
453 898
887 877
256 762
41 372
207 643
338 814
639 652
273 250
97 573
759 231
302 476
766 769
434 236
681 181
754 421
333 806
965 757
696 278
456 539
921 631
615 629
431 178
675 928
16 355
198 127
65 376
537 903
149 585
781 52
879 817
697 797
666 340
794 129
732 981
490 472
474 965
989 34
311 218
97 106
888 331
997 535
357 904
107 337
969 14
953 657
382 85
989 83
992 249
774 609
15 839
702 903
738 580
816 262
361 111
751 446
590 888
557 17
297 939
872 637
732 25
551 631
295 309
301 996
638 983
590 26
764 793
447 95
105 140
488 4
517 581
821 722
564 480
102 611
881 684
543 646
987 793
33 217
143 20
790 977
132 283
354 407
753 251
557 759
463 664
467 605
604 694
401 191
646 439
733 272
685 434
692 17
988 581
769 792
293 521
248 731
320 184
268 696
584 777
865 604
717 723
571 499
908 1000
657 763
472 402
952 654
97 827
460 723
442 473
919 89
888 649
616 664
546 979
362 336
434 837
843 483
81 760
886 263
245 389
706 953
786 367
217 871
209 279
681 365
666 475
671 846
709 391
783 860
557 526
992 133
367 263
837 37
729 746
72 163
845 984
383 617
422 875
719 963
143 118
233 112
236 564
125 418
171 710
963 290
768 820
401 829
650 312
154 980
342 284
16 696
78 601
458 777
220 696
646 964
561 299
464 106
544 749
214 346
731 44
999 506
264 849
941 521
937 718
226 543
944 758
872 21
411 691
233 605
142 769
694 754
596 836
906 450
696 914
547 271
899 535
277 919
901 77
192 594
57 866
321 83
195 550
242 503
670 427
557 876
763 59
807 740
100 632
625 143
844 367
937 27
35 6
473 175
69 408
397 145
182 681
992 613
439 314
442 522
504 831
321 671
936 108
684 361
991 654
441 585
376 377
840 520
639 664
884 721
576 2
315 214
443 29
743 174
836 604
909 792
417 698
45 978
282 260
802 591
180 847
591 123
991 829
723 51
102 28
374 977
488 896
879 700
715 951
384 203
466 843
528 210
803 472
987 279
128 192
291 268
760 923
390 64
708 475
909 732
73 580
78 247
997 995
814 555
146 623
219 431
534 698
59 518
190 380
63 246
446 202
229 218
294 135
556 949
258 784
91 441
924 581
647 227
820 834
911 181
381 608
135 44
17 516
203 209
186 993
117 955
971 876
446 590
530 314
895 748
238 821
369 186
316 903
959 895
692 90
765 572
70 842
108 353
271 345
586 563
354 161
543 781
783 306
472 44
973 736
898 407
407 30
394 950
14 356
236 76
221 288
203 285
296 137
724 329
725 240
196 994
678 270
383 28
357 689
862 458
274 595
72 511
791 90
171 821
774 199
49 337
255 396
439 60
352 398
405 380
841 505
582 84
291 125
791 312
480 34
709 95
214 855
603 435
64 720
301 221
528 175
997 33
630 951
183 217
300 27
958 592
81 140
614 54
372 389
500 754
883 51
172 876
484 174
52 426
660 169
536 503
845 83
646 908
155 931
836 298
431 534
180 278
949 233
256 302
185 120
61 533
191 182
432 559
694 779
588 266
790 970
384 642
973 320
242 202
959 189
104 247
360 769
697 390
274 209
77 668
83 803
851 909
502 939
823 575
158 114
57 68
886 973
981 951
907 828
378 220
108 325
974 531
255 694
551 325
411 54
675 837
160 502
536 76
26 483
506 235
215 880
476 455
517 343
956 985
795 93
209 1000
356 873
362 490
364 268
148 801
738 1
866 970
39 868
799 514
253 516
897 542
255 202
221 38
405 303
940 216
390 573
303 576
269 880
310 356
992 779
617 626
724 128
679 822
340 699
845 674
560 990
462 210
192 498
581 120
68 333
213 287
789 363
477 495
171 588
7 482
979 853
893 807
289 665
552 257
275 602
457 579
538 988
791 247
713 274
290 37
76 598
774 275
29 840
871 961
584 1
181 189
497 888
394 342
966 878
826 181
771 706
446 130
214 174
397 966
659 271
597 623
939 15
579 36
160 854
125 946
424 587
811 73
601 909
123 81
360 893
783 39
324 984
769 637
578 487
469 54
91 556
324 879
592 215
240 290
833 211
375 300
179 449
456 858
960 730
616 364
355 256
658 113
108 56
182 321
630 349
62 409
32 860
948 474
666 663
944 989
50 80
969 382
629 268
118 771
266 648
891 513
766 623
657 457
966 751
438 922
370 445
442 329
232 577
447 984
158 517
309 999
723 169
135 879
799 260
214 812
140 903
935 964
684 708
866 675
71 82
814 963
67 730
603 572
560 874
68 52
591 23
900 808
867 855
512 416
659 879
550 856
955 232
561 113
430 682
759 983
171 342
929 358
436 850
458 822
534 671
444 945
284 670
659 442
995 109
124 710
403 248
194 143
500 703
592 774
510 801
494 170
702 335
596 982
770 624
621 645
290 525
754 38
293 698
481 970
910 267
397 716
973 409
504 644
431 413
844 394
773 898
80 487
8 4
523 679
411 65
566 731
754 411
921 780
43 634
502 189
783 334
496 454
622 589
109 902
495 419
10 887
597 913
690 213
805 228
787 617
554 932
404 579
900 712
80 803
555 405
283 710
726 622
240 729
930 883
117 173
745 652
926 987
728 894
110 798
832 812
745 541
687 486
232 744
283 996
712 722
328 219
880 536
737 97
612 843
519 745
576 289
906 766
253 159
471 200
495 198
707 998
49 240
381 59
258 604
175 897
931 383
825 736
964 139
148 802
647 107
82 267
391 681
177 741
324 348
176 582
665 312
333 410
874 613
393 989
270 437
181 102
275 481
792 181
495 378
384 808
566 205
765 360
424 773
863 687
938 242
886 708
502 733
801 42
232 29
754 74
373 544
389 203
800 878
564 255
616 643
164 930
29 485
134 345
874 825
291 595
791 774
691 753
939 531
910 176
218 931
644 996
666 604
630 133
814 460
834 406
343 780
435 321
758 121
767 485
30 355
225 6
135 913
219 544
697 880
723 240
233 412
962 674
611 551
685 340
927 427
382 398
475 376
428 82
28 948
400 967
641 327
953 597
242 692
297 845
427 778
915 529
970 620
756 445
8 979
405 831
787 494
599 833
360 326
984 768
662 409
756 300
884 281
638 776
363 950
462 819
977 90
897 926
357 264
51 757
507 503
180 279
308 204
492 609
309 181
972 859
651 469
511 294
614 881
203 879
406 960
711 463
306 915
955 845
795 528
298 216
173 988
854 61
378 362
341 102
808 645
716 54
901 132
151 997
759 112
435 14
868 472
198 419
174 514
208 515
71 368
753 793
493 542
408 672
653 918
66 528
32 928
507 654
84 417
809 168
795 461
210 679
249 59
641 999
791 121
614 516
886 313
887 528
430 211
586 45
749 527
366 717
883 549
918 100
954 440
662 121
495 792
597 540
945 11
76 881
665 180
426 640
301 795
873 313
980 507
528 140
638 251
395 391
346 475
698 820
68 58
168 523
384 180
794 323
64 940
854 947
730 581
15 615
493 489
2 622
594 20
461 11
581 958
543 477
195 99
208 246
392 509
95 619
523 254
337 807
836 271
53 539
786 612
368 635
574 671
136 420
892 38
750 512
863 743
366 325
350 974
173 943
138 946
123 80
621 305
808 722
494 489
479 127
674 947
839 271
768 436
810 19
773 941
846 749
812 965
530 146
658 479
52 882
643 433
950 863
38 673
421 3
977 659
139 862
196 773
548 408
881 908
863 187
26 452
56 566
913 68
459 702
260 933
562 357
209 971
468 192
576 137
539 63
244 815
300 521
47 455
857 656
876 212
144 37
589 909
878 894
19 807
154 373
452 533
488 648
924 273
55 134
520 244
888 361
617 621
780 97
614 724
572 899
901 819
611 639
44 292
318 991
840 347
470 522
642 241
291 389
594 214
921 62
6 872
903 250
689 42
599 555
671 110
733 565
439 954
359 427
941 468
929 500
340 813
628 184
422 587
885 535
191 10
907 477
160 550
712 115
208 160
6 503
167 925
920 851
161 76
876 973
128 435
320 683
489 600
56 213
939 106
452 641
98 748
904 274
105 537
246 378
122 828
549 729
307 226
125 695
950 458
85 25
269 354
87 767
515 598
381 926
282 731
278 400
692 870
86 445
911 644
442 665
924 305
304 650
430 446
53 733
681 28
101 705
925 921
362 291
790 281
121 56
351 361
37 474
353 925
487 494
941 911
145 617
809 386
665 559
723 68
119 983
405 390
177 88
675 297
21 167
993 222
97 257
426 713
101 457
324 40
237 761
399 542
561 3
600 599
448 708
992 385
242 736
774 329
315 660
798 323
165 635
826 8
45 404
48 572
158 77
696 628
426 728
454 695
5 183
355 782
502 675
284 274
964 412
677 709
543 600
639 951
414 516
384 599
333 588
156 203
673 471
895 750
787 91
26 747
943 356
566 565
995 45
762 800
282 72
484 558
855 237
237 478
1 808
271 456
735 23
807 650
758 348
351 798
544 66
446 614
195 802
850 48
325 299
636 207
101 984
136 724
818 816
526 449
231 325
337 451
287 439
130 494
957 475
705 354
615 675
728 61
302 16
380 766
287 324
552 235
793 711
98 269
338 284
876 284
680 79
754 832
719 246
645 767
463 436
784 29
896 615
474 927
871 104
898 188
917 384
387 929
409 921
38 96
286 177
399 626
183 219
738 558
219 560
105 123
358 359
15 514
417 279
201 424
275 689
831 428
997 948
559 925
695 301
901 702
146 846
262 1000
897 14
234 563
362 524
928 611
267 531
366 63
660 337
431 641
768 139
255 973
695 608
116 721
375 36
657 645
804 580
640 373
138 442
665 934
489 147
62 54
941 881
691 674
503 128
473 85
653 546
213 27
749 57
164 625
995 73
891 936
820 356
400 295
886 200
136 353
178 228
93 471
331 462
743 445
139 531
191 810
417 917
658 813
435 348
683 642
490 436
418 569
681 485
311 166
59 329
260 736
62 684
196 742
692 739
514 287
898 126
537 678
741 910
614 404
686 1
178 296
589 714
25 107
593 988
27 565
233 264
895 282
733 171
440 278
496 858
230 239
358 432
16 945
419 268
538 986
484 366
211 686
105 87
613 214
38 583
52 413
197 528
485 14
592 766
111 62
516 900
21 290
890 553
836 459
512 479
604 845
664 10
863 567
742 967
565 854
509 608
996 118
61 749
723 842
643 195
146 343
590 426
228 431
621 304
731 272
694 644
665 898
943 849
639 732
930 550
368 596
192 711
338 305
548 649
165 188
866 283
820 376
923 113
317 194
448 31
265 639
343 838
236 406
143 634
713 657
494 810
541 595
978 644
93 172
974 719
278 70
960 105
412 920
785 146
89 573
18 515
546 832
442 343
788 124
732 948
144 437
771 208
666 38
465 751
858 846
69 500
715 575
756 161
248 120
157 578
371 366
659 768
662 245
21 243
637 339
909 548
441 352
647 240
836 63
621 831
747 396
181 366
348 497
573 776
525 613
30 29
967 740
733 962
664 247
68 871
768 85
509 659
389 51
603 107
416 383
989 794
968 619
81 261
360 204
87 299
159 878
532 148
915 4
844 166
904 275
722 518
635 811
63 258
820 143
702 982
234 956
878 509
576 699
798 124
744 993
857 134
469 200
640 684
414 715
308 330
551 446
184 344
811 341
460 445
599 402
285 550
145 147
957 212
652 678
303 966
363 219
878 590
383 148
755 645
83 680
583 15
454 65
728 508
719 511
745 848
819 397
303 804
344 811
607 298
740 846
614 626
580 678
822 623
70 128
537 749
844 991
314 702
116 326
250 524
179 520
492 197
93 82
131 685
711 232
102 128
710 963
591 253
917 363
77 510
166 913
923 566
980 461
638 161
271 546
701 629
581 975
567 108
509 996
404 112
978 173
734 380
860 137
509 853
383 876
556 146
910 937
487 770
696 137
247 374
802 97
623 11
275 483
150 801
320 648
172 937
125 903
806 424
110 37
185 466
540 604
655 189
547 540
285 336
90 465
593 462
665 969
887 164
377 555
477 771
167 452
792 705
706 22
504 674
891 30
844 424
60 415
762 801
726 972
468 948
807 645
387 198
114 920
875 403
386 786
273 364
918 380
998 286
904 730
559 122
999 835
953 324
730 712
500 494
912 212
732 973
756 319
342 648
297 512
317 605
33 826
505 741
141 399
511 411
115 866
943 635
500 936
62 915
942 294
694 416
611 209
701 552
650 522
763 979
56 739
245 115
318 615
845 164
48 71
582 388
2 648
340 870
162 66
537 182
663 946
522 290
465 243
967 684
517 621
223 588
134 183
651 795
746 407
233 760
622 258
592 817
377 997
224 434
695 611
735 438
937 523
42 417
596 776
212 529
786 800
938 103
886 593
299 675
360 915
821 810
494 221
181 651
929 729
421 656
152 814
340 147
910 227
252 615
435 129
809 908
637 989
956 869
630 372
740 668
703 488
854 333
61 545
492 425
433 416
610 224
256 907
630 231
9 581
417 916
472 297
952 627
610 83
204 672
399 925
74 180
404 517
956 58
31 806
69 127
1 503
771 247
261 813
723 142
213 688
785 471
533 913
774 613
261 85
770 468
541 829
804 14
955 80
666 229
900 540
7 479
817 87
619 335
220 434
498 710
647 143
577 887
214 95
410 598
121 668
859 922
197 543
879 471
521 565
884 383
372 8
426 307
894 688
312 310
931 586
100 445
228 74
530 716
309 151
829 960
976 124
960 785
81 280
503 65
44 605
109 458
511 586
4 842
21 628
277 595
596 648
786 772
990 764
367 615
445 185
372 975
229 578
910 477
786 151
373 391
421 176
795 879
62 162
625 22
878 704
916 997
476 801
369 976
47 187
529 328
71 193
196 918
433 460
821 593
292 385
494 811
867 271
373 679
486 843
17 312
19 696
976 318
908 202
892 825
415 490
842 66
468 845
948 215
912 28
516 406
46 693
50 768
342 835
954 346
186 192
816 343
214 658
140 785
3 539
154 917
229 383
232 429
788 340
974 59
559 999
430 681
932 747
55 324
718 60
521 704
902 455
770 649
9 436
281 447
622 472
95 568
884 339
868 888
595 928
427 114
530 673
638 838
608 277
222 391
945 578
414 927
347 424
114 117
794 793
766 128
69 959
413 349
414 558
346 864
130 853
57 243
9 112
47 904
503 218
711 401
803 858
461 107
772 299
648 793
522 575
632 744
428 781
839 493
860 776
227 413
190 787
505 177
222 384
978 802
320 152
178 218
839 19
1 883
787 908
347 901
481 395
531 801
295 966
858 426
4 497
776 362
989 565
796 885
156 724
912 346
732 635
445 274
952 555
93 143
41 780
353 34
154 53
338 310
231 1
876 314
435 516
573 246
757 73
775 606
583 445
452 833
44 379
707 717
46 473
943 597
512 941
713 124
521 945
405 70
302 458
372 143
104 549
159 235
861 477
112 708
901 934
372 318
124 687
909 583
949 938
181 464
515 464
538 787
851 456
484 295
15 256
368 840
898 619
537 217
524 497
600 887
903 736
155 297
9 289
637 201
432 936
640 77
829 919
124 72
891 322
176 429
474 142
275 83
117 790
668 394
906 275
233 573
52 103
933 570
169 965
316 556
66 71
123 26
169 854
223 47
460 339
759 105
490 922
734 697
237 383
458 380
446 661
829 460
44 900
654 9
730 435
531 318
933 126
865 408
795 117
62 596
950 713
303 842
14 283
606 145
143 957
662 647
865 265
828 251
743 488
1 633
143 802
6 746
758 239
541 651
836 557
914 639
164 98
406 163
646 98
430 805
748 352
533 636
755 516
58 348
258 362
63 717
979 972
652 30
197 887
120 615
367 315
519 718
559 697
600 390
180 990
72 255
788 669
127 603
514 198
976 597
315 325
300 23
139 349
285 357
843 320
777 533
723 305
104 831
341 702
395 378
604 244
852 507
988 859
147 493
534 747
883 55
871 558
431 941
54 332
536 507
194 835
694 664
665 650
679 89
256 465
20 298
919 686
280 471
190 126
742 571
618 637
986 249
808 761
511 550
3 385
241 6
613 806
905 117
303 298
839 292
627 630
221 921
423 637
852 593
619 710
721 539
145 201
843 958
626 258
882 664
697 498
914 159
329 389
352 610
961 216
527 793
87 790
188 79
781 222
641 843
436 303
329 231
222 890
673 412
407 796
681 518
254 299
716 794
926 903
197 73
805 778
76 910
165 683
849 650
331 703
506 10
172 377
779 675
562 49
451 434
779 433
417 614
317 920
230 775
115 833
996 734
499 478
745 474
301 172
138 657
589 601
36 303
440 944
167 519
499 79
269 102
879 752
756 109
918 820
902 329
171 721
871 810
874 90
751 298
609 325
77 231
774 279
63 852
285 506
656 754
965 392
659 565
237 993
589 268
592 752
148 54
938 888
923 908
985 551
312 311
129 903
685 650
506 629
930 211
949 53
733 670
629 980
483 159
412 129
51 579
837 864
252 448
56 171
808 380
561 614
377 625
378 282
910 307
749 249
473 6
494 492
242 381
942 896
65 220
543 931
142 72
95 40
242 460
43 645
597 310
523 703
1000 672
29 426
602 412
855 610
786 39
291 671
825 443
39 593
387 240
706 462
389 546
193 161
86 404
368 137
503 600
688 988
452 569
731 990
933 54
239 787
97 830
648 442
118 916
49 691
710 168
16 71
473 627
277 419
226 269
961 966
157 909
946 18
383 417
426 958
832 85
120 871
139 287
927 334
130 246
763 700
196 363
605 209
77 472
421 934
25 69
686 146
444 521
286 380
734 122
714 379
163 243
435 886
20 840
41 723
837 383
90 532
162 425
54 123
814 631
488 839
381 132
328 784
384 2
885 532
765 126
752 899
536 388
680 44
744 295
92 753
603 508
363 883
110 156
828 811
449 334
582 894
993 378
697 224
751 925
67 846
294 374
557 564
25 675
713 846
551 90
184 124
755 455
497 459
65 529
673 456
17 684
750 206
891 116
1 588
930 584
53 407
401 158
437 616
811 343
725 600
657 877
70 826
769 895
19 392
57 573
118 214
725 118
553 445
735 77
580 898
890 38
982 766
497 78
425 835
918 449
351 618
693 37
619 202
342 61
568 636
734 169
421 632
758 819
675 349
527 740
508 762
89 904
934 686
3 344
847 123
638 340
803 225
219 998
236 952
813 456
391 118
230 218
453 457
394 812
25 669
543 112
46 696
693 515
215 195
841 784
401 899
593 500
989 440
737 327
673 575
766 218
713 302
194 973
693 293
660 146
418 261
578 445
669 205
816 783
29 46
733 778
15 495
4 892
426 42
172 570
940 895
837 824
402 51
534 776
192 611
998 837
86 131
490 776
790 781
277 950
187 315
406 538
833 238
616 138
302 603
948 201
865 701
661 748
900 84
479 449
84 279
800 64
748 782
878 761
421 472
494 646
36 951
28 302
151 960
278 290
772 490
800 302
286 873
749 261
109 614
874 919
151 385
546 933
624 113
453 105
861 892
808 120
457 110
137 975
662 137
892 866
786 225
990 275
331 658
139 295
654 586
988 272
847 153
991 911
153 71
136 787
470 710
127 757
449 768
810 991
387 930
722 121
374 822
603 632
395 415
383 556
929 256
484 373
51 938
659 683
822 437
964 78
860 367
608 240
367 137
333 41
466 586
328 695
217 237
938 432
521 616
470 253
733 697
68 96
299 391
997 228
947 563
933 140
324 594
769 763
535 776
848 92
996 44
602 103
638 633
605 716
471 995
511 694
666 875
998 165
920 535
260 24
354 239
153 632
950 887
94 245
616 373
936 380
528 540
334 951
243 926
746 239
913 92
970 135
330 38
807 568
866 84
577 495
814 492
136 755
231 613
193 486
27 54
648 366
135 608
860 379
429 835
781 46
231 251
447 960
344 997
685 402
297 465
575 770
905 786
157 857
227 661
876 259
568 564
845 716
704 180
456 556
466 91
478 376
624 379
953 667
922 230
745 473
961 692
11 909
837 9
949 719
966 679
292 946
594 238
386 427
206 216
979 856
106 295
883 101
930 991
461 7
134 119
226 346
67 400
674 408
233 952
237 992
552 548
510 556
862 769
498 12
721 44
473 363
493 152
792 241
498 238
764 245
437 369
4 820
649 441
319 893
786 770
146 485
955 877
652 863
854 93
695 871
227 99
856 369
820 468
436 477
630 295
499 803
939 462
868 504
700 88
819 148
288 348
683 496
173 623
924 297
191 762
359 324
435 268
329 305
844 720
689 529
942 317
982 578
931 556
255 4
737 781
121 255
102 410
503 858
605 270
608 542
347 384
94 485
634 494
40 430
258 509
76 947
276 908
353 998
678 693
712 699
585 179
901 831
634 704
619 412
802 916
585 28
931 827
699 4
800 782
41 722
813 116
328 324
736 321
570 283
608 90
771 512
353 561
745 215
85 798
195 178
505 878
312 502
573 773
405 883
392 526
409 624
543 445
581 778
124 363
397 771
533 119
332 856
977 21
941 754
998 493
545 314
817 573
394 454
786 580
178 612
237 230
219 359
989 791
674 241
513 693
199 302
130 851
664 263
647 710
688 445
172 742
469 100
213 408
660 819
368 377
204 215
268 628
969 961
264 147
544 392
790 576
238 637
938 863
482 51
981 219
892 522
605 735
476 533
991 470
795 107
248 620
13 234
876 22
291 403
19 617
131 99
499 605
690 206
528 765
197 494
236 260
364 337
610 25
314 714
459 559
887 551
637 816
766 17
944 732
376 494
728 835
69 53
590 617
684 534
633 202
923 410
317 679
478 650
448 681
306 523
182 158
811 554
594 158
81 777
98 937
210 175
505 921
120 545
958 702
465 123
764 633
257 279
573 809
78 249
197 974
379 330
161 243
253 365
439 696
856 894
817 456
51 668
786 537
894 718
769 365
226 586
688 379
302 783
475 765
122 634
378 480
142 999
143 74
416 649
419 914
226 684
635 200
178 523
52 16
722 888
598 47
433 735
821 836
499 874
613 738
762 812
799 865
823 598
472 50
199 961
401 10
274 280
226 97
722 922
987 387
550 108
113 401
870 649
445 306
670 725
198 10
734 104
457 412
776 264
174 995
636 666
875 178
402 490
841 358
239 699
818 777
237 986
766 680
303 682
426 350
610 428
885 230
596 111
193 724
747 13
50 887
567 830
75 648
685 335
796 744
949 746
385 107
506 922
362 967
56 742
509 20
183 215
16 582
885 425
318 618
817 185
431 841
713 376
769 62
589 405
716 859
475 29
120 348
198 975
729 966
163 1000
882 496
111 38
120 459
998 474
266 483
327 526
402 739
721 967
512 102
416 331
734 863
402 882
906 162
915 824
939 182
777 215
190 124
216 471
622 99
569 85
437 653
864 663
687 557
137 193
446 341
263 769
123 56
565 129
47 254
968 725
442 904
459 986
173 872
304 921
302 628
138 765
17 927
530 171
36 544
513 818
865 728
44 987
995 77
852 962
815 318
146 317
913 194
255 269
576 900
114 639
867 135
465 827
890 236
448 55
486 723
14 330
571 667
293 177
331 450
204 588
723 964
995 811
887 713
283 359
92 749
420 52
577 415
45 737
469 705
663 113
44 543
460 900
154 107
67 966
874 474
736 407
55 185
827 832
187 481
499 307
413 639
14 902
679 944
258 332
762 486
656 71
141 513
326 519
828 733
617 662
693 758
716 862
715 885
129 74
737 285
336 658
449 418
285 327
729 945
860 221
907 436
475 543
531 924
626 958
54 191
239 113
632 275
315 577
531 625
894 695
954 872
846 826
349 866
119 978
975 978
542 19
981 529
648 832
294 328
704 910
542 418
545 398
5 28
62 71
484 829
949 469
997 473
989 980
169 771
726 9
778 751
768 393
18 40
346 685
330 790
352 802
505 609
575 284
504 733
375 298
468 888
711 204
326 362
994 448
354 99
956 304
766 804
857 72
79 156
994 435
26 449
959 659
79 373
822 869
74 501
628 956
314 580
923 226
652 412
400 37
572 203
573 126
755 868
945 511
255 148
79 922
407 659
184 986
370 721
701 651
278 932
463 360
16 243
803 497
510 141
114 727
878 295
111 779
681 624
811 705
738 611
319 510
283 691
141 694
132 787
116 802
281 275
360 372
928 121
513 200
596 604
932 534
21 465
814 534
484 157
414 224
236 198
669 374
553 284
85 480
929 90
897 484
287 799
8 349
320 735
138 960
217 841
380 275
787 469
185 299
773 234
631 959
479 201
669 9
32 434
346 798
535 928
347 587
313 463
942 930
212 699
428 776
865 616
565 362
749 509
456 892
74 311
492 106
956 697
39 631
140 398
58 771
476 534
592 471
615 572
444 116
448 127
925 995
748 202
452 543
257 543
79 856
140 236
287 367
326 131
973 936
886 459
589 940
326 786
164 73
495 633
496 553
836 603
703 788
288 805
372 27
232 750
784 69
254 67
148 436
920 389
849 609
353 882
106 90
513 266
988 44
625 814
37 648
651 132
673 588
505 920
769 209
328 959
483 541
983 216
875 563
508 184
148 121
498 450
379 333
87 116
487 830
344 856
642 611
94 816
781 896
