1000 9921
983 62
769 364
673 136
525 871
91 799
589 52
94 594
791 38
78 523
480 790
954 514
596 871
668 308
778 724
483 293
503 363
329 996
563 391
104 416
657 958
216 282
490 921
551 350
169 228
207 548
613 737
70 804
553 270
777 374
951 986
134 964
439 279
819 493
378 647
308 878
738 231
882 62
904 685
32 632
605 373
382 214
903 394
466 117
106 156
433 68
614 499
701 691
982 806
447 623
249 748
33 943
72 147
400 666
771 957
261 727
484 480
709 233
656 491
915 678
497 619
354 980
371 46
928 811
267 219
654 789
814 735
654 900
380 919
475 909
917 222
276 202
375 876
582 666
971 685
759 522
129 340
13 651
952 477
610 713
437 283
260 484
255 601
290 591
76 124
276 526
868 224
636 132
138 619
60 456
61 865
958 497
155 484
709 821
428 976
622 834
109 149
660 603
902 744
942 581
148 442
51 36
991 408
633 724
559 196
433 420
530 74
514 583
640 950
143 621
184 626
299 867
269 903
786 371
731 662
329 228
139 959
790 363
313 963
478 263
300 547
616 676
301 374
763 439
586 452
269 792
145 266
221 63
371 462
779 599
376 440
656 154
210 232
749 521
511 298
336 998
577 696
82 246
597 693
107 329
235 284
170 678
365 913
3 402
885 362
784 141
894 248
805 617
560 932
888 49
7 475
870 65
552 259
54 914
774 379
647 139
409 745
907 38
626 556
310 187
531 51
354 875
100 347
393 829
160 528
693 490
180 723
897 253
439 626
388 992
778 168
173 751
214 310
579 412
379 226
485 51
977 201
975 834
198 757
218 223
52 796
593 505
665 532
705 711
89 766
198 516
380 383
643 665
716 449
808 153
833 315
212 672
855 910
536 918
354 241
230 772
375 293
820 470
198 294
969 517
161 960
941 271
550 437
847 733
919 224
464 782
563 10
639 287
516 380
19 700
683 741
784 640
370 895
268 305
799 380
523 935
295 653
23 866
45 998
942 140
448 976
128 30
440 992
222 518
6 979
154 878
373 410
286 355
389 724
845 976
849 405
222 657
267 146
492 995
163 837
721 723
25 868
353 567
817 192
828 246
931 328
458 942
431 670
722 191
45 426
655 529
821 313
34 93
203 638
864 788
850 795
449 722
660 104
539 873
594 276
411 538
963 985
74 880
823 637
167 249
351 364
194 57
949 391
200 666
458 610
164 948
743 943
462 830
602 93
714 691
922 901
185 465
950 531
909 110
556 638
939 270
38 838
734 705
632 859
671 404
277 881
494 745
743 738
563 328
9 555
326 486
697 530
348 554
212 9
127 970
322 601
676 440
70 987
472 374
883 852
359 109
249 4
835 781
451 704
785 224
62 862
400 2
917 547
540 334
779 526
447 916
585 883
658 897
480 175
548 69
400 800
956 365
305 101
713 96
577 529
672 779
234 148
73 274
132 865
115 171
21 629
577 898
390 425
375 45
806 276
180 629
72 86
471 182
737 324
585 249
928 895
121 751
747 623
31 318
17 751
220 741
646 777
410 829
858 355
345 588
42 660
94 495
490 818
928 605
157 101
565 792
608 309
39 65
410 991
566 370
694 807
858 857
458 567
521 339
647 663
172 565
330 481
507 151
146 408
276 619
27 423
375 463
748 619
783 100
271 304
184 138
496 172
518 275
969 797
344 464
312 814
496 59
294 962
649 209
835 570
359 313
195 808
349 679
681 209
903 854
26 262
329 207
827 600
198 171
3 10
316 451
581 473
448 203
172 566
179 845
843 466
667 160
45 780
616 728
164 547
837 420
557 773
98 758
904 573
27 702
434 660
589 800
535 222
881 892
288 945
21 197
480 425
818 449
858 690
896 411
327 853
879 728
457 943
919 488
300 19
451 137
290 25
238 323
912 549
936 539
370 331
667 669
45 353
675 182
362 743
788 511
612 731
820 520
972 707
419 709
938 447
132 522
388 924
831 136
265 175
592 822
384 747
149 168
650 218
670 153
432 551
548 765
207 884
941 316
640 331
327 447
456 939
100 843
639 473
99 53
709 820
247 149
578 189
65 22
709 965
265 756
986 918
221 747
782 979
667 497
941 370
451 890
507 534
398 939
956 977
26 282
176 180
52 554
572 289
535 431
904 763
10 822
373 242
36 732
47 369
710 211
396 15
568 584
888 172
847 399
64 202
562 45
430 837
639 41
550 586
419 212
917 317
791 340
940 882
154 779
357 768
654 724
306 638
974 177
671 115
672 819
909 570
380 726
626 730
92 194
902 333
695 345
475 123
457 724
521 687
530 807
73 516
916 72
954 903
953 702
59 745
650 412
246 853
745 26
394 350
163 535
699 953
868 976
137 432
66 374
198 859
514 442
842 931
449 279
838 779
177 768
471 674
555 55
743 906
51 500
415 895
180 16
554 485
466 286
557 750
249 982
730 162
215 558
734 746
866 418
189 207
726 926
268 546
821 954
809 834
886 848
463 897
857 78
179 118
623 627
292 319
65 355
1000 578
140 379
808 277
666 671
207 317
287 88
118 1000
51 263
865 309
633 977
66 766
749 603
849 857
995 551
905 819
943 975
505 311
681 340
667 793
979 27
395 250
324 172
797 80
897 796
1 327
366 611
554 368
22 447
724 845
665 153
892 964
486 283
1 97
797 541
395 297
234 339
876 806
629 618
210 488
655 528
548 448
586 671
897 216
935 256
21 320
224 692
206 836
134 225
194 788
280 762
507 455
159 566
111 201
360 877
522 118
414 896
626 130
540 630
281 845
583 560
195 755
214 61
659 160
90 374
843 796
424 702
422 153
192 650
943 329
856 673
104 326
469 210
810 254
742 468
249 440
444 527
528 978
601 60
315 448
40 780
611 119
409 473
321 741
749 285
786 297
145 439
365 532
956 921
351 961
477 406
876 160
239 672
574 427
869 538
73 166
17 288
199 546
884 730
576 27
26 116
528 414
417 689
948 843
221 151
168 285
331 891
116 499
478 766
987 576
880 528
225 333
797 991
158 779
533 837
667 515
728 531
859 729
361 46
345 689
326 732
405 803
318 732
229 495
819 877
533 39
632 222
119 528
90 785
428 283
660 443
466 757
87 231
330 381
200 473
313 158
330 904
1000 32
252 405
532 199
627 323
673 541
392 154
891 310
123 160
621 353
933 950
119 133
563 393
363 415
402 209
41 407
316 783
722 774
429 552
654 99
624 824
145 113
643 398
290 890
368 70
26 404
298 401
174 772
140 428
32 813
676 656
350 453
136 731
726 672
966 243
696 499
955 382
311 298
849 903
496 361
630 12
149 299
923 172
239 708
899 71
727 851
837 255
784 901
808 11
980 265
512 799
838 219
273 150
880 941
476 56
67 525
448 537
358 60
505 600
125 287
306 603
879 618
681 573
828 308
6 920
599 635
943 741
219 887
293 912
319 304
877 540
765 192
432 156
215 981
399 488
665 261
319 33
867 996
154 633
356 829
641 121
186 342
940 211
963 114
358 632
587 782
751 243
402 734
384 893
773 509
495 305
647 468
925 210
980 931
512 121
667 28
858 400
595 619
493 238
854 363
488 304
129 600
792 264
96 661
939 171
448 214
48 520
747 918
949 510
722 303
238 879
403 278
920 748
523 569
356 478
895 651
19 230
792 550
498 571
263 542
411 912
503 270
829 378
911 852
936 352
959 632
527 868
588 854
607 74
607 437
210 524
62 629
745 701
362 467
606 118
900 761
795 782
603 912
178 449
197 419
658 951
787 753
410 156
20 286
766 715
752 729
993 61
166 753
906 604
279 434
585 155
595 674
63 748
256 246
49 86
103 287
21 216
426 648
339 246
399 607
115 98
336 661
922 388
286 39
513 225
887 851
699 218
668 779
6 166
237 988
936 647
172 976
390 144
450 167
641 667
404 276
206 664
218 380
670 107
727 14
904 495
765 296
413 371
911 244
203 771
578 333
762 542
389 250
672 942
692 453
251 31
587 665
74 572
848 203
320 404
636 170
268 588
811 234
929 767
579 668
613 551
390 299
735 84
4 921
39 989
523 912
738 75
406 403
465 949
356 822
830 903
754 673
439 345
433 160
70 159
56 419
550 661
277 287
942 35
799 382
675 676
283 185
59 219
769 181
756 840
339 187
824 985
987 615
271 429
456 509
27 534
822 343
144 330
129 58
262 254
943 669
757 989
475 41
976 530
958 646
465 19
574 211
333 28
484 152
379 418
324 353
147 296
699 855
634 998
884 345
890 794
1000 182
693 381
111 200
504 575
276 883
778 477
122 755
893 262
821 473
494 179
596 991
65 913
136 426
323 457
4 788
423 802
411 826
677 523
826 547
847 895
497 351
579 809
563 428
691 739
857 143
640 675
865 660
187 896
459 999
132 7
880 463
981 118
229 753
359 646
674 606
364 24
494 751
249 296
654 55
496 511
919 145
127 297
815 96
781 144
572 379
884 517
838 375
444 230
483 632
148 20
420 79
900 689
908 228
302 111
250 420
73 517
808 16
740 775
192 277
217 516
999 58
268 154
681 695
205 561
331 890
405 479
675 465
329 296
932 448
715 976
367 301
281 1
689 741
427 648
45 89
323 843
754 356
720 725
25 213
262 218
393 665
676 860
492 961
73 737
148 785
225 558
389 404
559 897
512 368
662 394
384 528
889 752
565 757
681 73
24 185
379 296
940 383
484 3
693 337
989 741
39 787
247 508
435 404
252 406
15 490
593 438
972 771
138 995
566 483
787 498
113 73
630 726
242 303
616 96
446 445
85 227
946 31
735 377
331 111
665 835
795 956
243 875
554 911
527 109
952 145
368 488
166 191
991 726
995 85
430 256
947 918
122 352
435 170
107 903
999 922
175 52
839 237
197 183
643 286
165 974
848 576
408 845
351 919
390 813
818 808
620 476
183 766
26 1
518 861
309 772
477 78
261 929
244 879
170 886
942 488
727 850
256 465
33 891
491 830
218 922
884 831
940 761
233 395
35 157
758 899
542 748
210 109
176 805
819 573
90 695
621 373
523 447
582 364
875 754
91 259
736 92
232 491
285 383
512 685
324 411
785 671
278 572
483 570
359 249
964 75
358 750
681 879
3 887
354 821
560 104
871 548
881 556
848 307
24 149
485 330
290 360
755 356
470 505
385 580
725 516
109 87
599 322
950 703
679 87
378 256
865 119
522 865
118 454
325 680
927 412
277 981
132 72
597 284
799 944
415 955
252 644
810 183
830 178
623 601
718 947
790 524
494 679
444 72
917 406
782 928
288 420
866 81
278 195
377 650
45 588
457 434
835 967
857 643
186 173
112 326
1 456
555 929
662 903
934 664
519 522
281 104
926 536
196 381
178 288
921 883
599 531
611 586
794 438
444 611
984 600
415 162
861 494
755 663
628 399
99 117
563 540
417 346
566 758
473 416
958 747
975 267
689 406
564 806
638 115
513 224
418 100
983 879
702 748
464 234
858 438
517 569
510 593
662 434
229 183
145 795
440 498
557 441
206 665
821 452
779 1
42 509
594 74
981 654
414 565
753 359
722 538
691 537
530 489
826 524
630 542
425 173
423 910
872 194
312 490
222 284
887 26
285 681
528 857
925 761
270 665
951 889
511 806
368 48
810 171
995 109
902 715
346 259
725 92
122 3
97 217
195 853
614 651
458 1
810 314
813 905
129 815
264 474
47 49
641 824
749 311
645 345
832 141
80 674
728 78
691 66
468 201
930 994
352 354
465 965
296 673
726 600
433 167
842 77
109 698
348 790
866 855
577 744
740 876
546 857
13 308
585 536
571 502
712 144
278 952
157 681
999 102
68 260
713 73
434 602
1 325
741 571
479 311
300 183
121 502
770 435
513 339
660 422
110 469
802 883
280 135
513 204
381 158
845 815
497 897
801 641
137 752
229 90
161 234
180 690
306 981
935 258
775 213
363 873
627 504
898 672
205 178
206 757
526 660
564 463
160 797
531 766
604 984
273 530
4 646
80 36
928 274
602 169
364 740
271 168
609 807
27 476
798 699
431 310
74 593
934 427
627 647
294 74
174 524
658 425
731 741
496 18
630 405
388 426
339 572
221 40
144 958
697 678
146 228
705 115
544 63
853 43
231 459
88 107
269 234
278 17
921 530
707 11
202 46
130 259
192 72
966 36
814 152
600 228
123 913
387 686
12 1
947 486
20 734
419 1
771 820
335 157
706 771
822 641
680 378
534 117
993 213
331 970
261 767
962 796
637 670
943 707
106 70
695 34
76 690
722 124
353 743
695 83
805 703
152 209
371 967
23 726
262 106
790 36
915 620
831 256
85 686
930 425
931 502
988 765
846 199
78 365
659 480
649 282
86 955
94 598
378 493
308 16
592 107
241 891
61 744
189 275
869 657
255 566
290 918
251 762
243 874
942 962
429 661
379 830
915 262
311 872
532 953
346 528
240 51
259 507
939 525
264 259
879 645
654 16
55 333
958 645
19 539
22 846
350 459
207 326
652 868
247 577
896 931
749 767
752 45
773 543
895 186
893 782
58 517
224 357
340 626
916 250
968 443
322 858
987 640
553 206
221 249
450 693
12 180
895 361
543 850
760 228
524 223
301 210
339 483
769 783
475 227
96 252
735 236
685 108
525 707
820 757
802 840
100 969
684 420
557 178
138 64
466 949
837 706
249 568
489 364
532 282
831 292
524 396
980 830
747 733
752 961
586 725
21 111
612 341
560 504
869 66
63 31
945 562
113 778
241 221
459 354
471 375
65 943
743 748
375 142
557 630
571 800
872 88
873 929
69 880
584 684
821 129
242 336
481 520
851 918
393 338
745 184
846 16
763 15
359 632
952 963
790 658
278 486
929 578
217 208
347 853
61 95
320 199
429 923
195 777
729 172
1 700
437 844
829 90
541 582
801 761
934 959
459 541
942 410
952 746
718 765
383 87
439 484
666 344
371 466
667 129
932 59
279 460
743 235
624 369
650 583
779 297
909 934
894 252
415 173
241 812
612 821
745 364
599 537
525 662
729 779
72 2
722 68
745 253
780 804
345 751
310 191
775 99
889 574
391 858
324 271
591 459
974 449
578 566
885 682
101 123
525 969
530 693
358 538
146 682
82 600
581 562
768 241
642 726
458 763
65 907
941 938
178 746
518 122
255 1000
660 950
66 352
556 775
852 670
663 871
592 51
665 905
173 822
725 377
617 384
562 480
803 823
420 913
4 80
740 346
928 416
544 421
653 637
502 61
284 224
144 595
165 163
403 530
170 267
598 219
585 744
13 879
51 4
568 410
625 159
753 930
610 813
131 252
9 536
801 532
342 628
364 212
188 106
585 970
508 783
680 978
754 735
573 121
520 891
353 30
80 818
999 131
931 675
399 80
629 386
166 640
300 914
664 511
782 590
475 412
686 42
654 516
141 463
438 179
529 890
483 774
892 954
893 879
954 213
470 426
225 407
870 97
263 77
121 614
803 40
987 263
591 137
478 946
464 314
51 1000
627 221
755 912
827 303
735 204
335 764
603 324
72 284
552 518
719 666
647 393
794 591
924 562
851 530
247 357
597 603
523 276
642 113
525 894
983 390
414 903
986 1
226 531
707 678
203 231
138 973
674 779
103 935
677 696
18 359
769 549
713 988
686 930
122 979
456 489
215 606
900 232
688 514
34 452
138 559
507 772
878 373
497 302
21 773
999 739
670 513
998 778
982 279
741 544
252 560
61 22
84 361
191 695
801 583
99 388
528 612
268 295
911 575
71 306
188 14
335 457
46 148
913 943
678 361
300 999
122 361
527 636
790 134
340 663
378 590
822 260
607 563
741 973
173 17
305 153
970 669
510 210
386 506
831 732
694 332
612 973
168 574
868 599
704 400
189 921
11 88
430 610
289 862
896 290
492 963
901 576
793 229
125 188
346 187
312 263
748 770
938 455
499 196
243 205
360 115
437 401
350 89
485 421
772 721
510 840
776 922
760 611
88 524
74 995
790 917
402 42
845 278
792 350
276 631
668 809
269 474
517 52
593 342
791 969
782 168
584 623
70 654
491 359
860 996
85 713
83 625
523 764
879 404
715 84
661 65
867 145
80 727
84 141
914 194
132 657
294 672
814 475
282 168
869 852
191 824
531 439
457 390
166 494
188 824
302 30
165 814
352 299
615 810
943 787
399 817
934 626
959 331
409 69
287 473
598 719
547 427
892 1000
783 875
219 938
440 813
677 65
577 576
561 379
637 560
712 761
380 607
20 664
58 471
94 839
741 626
689 31
875 756
471 225
272 473
36 386
335 918
939 722
704 731
276 96
258 567
578 928
794 741
546 322
751 143
510 571
383 779
704 666
424 222
210 431
377 63
911 511
661 228
760 664
855 101
976 250
228 95
328 525
493 173
132 389
795 719
464 445
539 58
156 259
928 492
178 711
770 630
180 393
553 913
877 984
164 645
716 474
872 232
47 840
85 133
820 72
566 636
105 872
363 380
36 558
697 364
716 184
186 396
631 496
781 500
290 650
69 546
736 865
827 666
766 690
597 124
778 934
989 780
231 274
982 718
742 939
933 26
239 775
476 475
682 282
464 807
196 970
515 950
610 104
439 374
279 233
415 505
842 87
291 807
79 908
101 708
747 94
175 409
111 543
754 922
79 61
547 327
73 460
220 101
598 858
436 23
414 349
902 827
858 658
215 275
128 789
736 122
93 691
3 695
478 983
51 911
509 931
76 586
662 449
106 130
301 983
788 415
848 20
20 1
917 253
135 336
531 631
518 147
42 360
601 767
48 713
985 600
986 387
551 217
517 985
55 910
243 406
426 90
134 283
219 900
601 616
858 121
507 29
768 353
695 606
535 805
344 722
114 473
441 895
248 923
389 231
216 441
266 698
513 723
492 350
420 515
810 119
574 996
939 281
133 226
462 854
265 314
801 344
87 639
643 557
437 540
810 6
795 870
354 138
374 201
907 852
527 167
252 557
571 991
787 778
427 461
75 44
334 875
636 165
657 778
252 924
236 121
496 470
762 977
139 728
505 104
625 367
662 724
130 317
404 716
386 979
740 520
407 971
959 750
23 155
121 41
943 858
467 21
32 566
884 706
830 744
300 915
282 386
28 674
984 280
303 616
842 218
88 829
790 106
594 939
675 67
62 961
67 569
875 926
970 870
572 918
721 564
222 523
543 824
549 418
947 931
612 810
774 457
791 485
685 34
153 433
444 752
718 167
214 538
534 329
613 448
558 323
553 312
917 160
21 475
314 343
426 397
744 384
707 788
870 320
254 997
732 42
261 349
431 621
488 109
381 510
440 400
635 967
997 212
526 666
466 668
425 218
734 793
846 38
812 751
800 751
214 49
365 59
717 166
955 785
699 182
83 886
651 568
856 566
801 139
87 402
271 219
790 889
22 727
601 870
303 234
418 116
290 995
368 463
976 270
324 308
397 418
127 423
539 345
886 176
333 784
887 361
710 482
820 294
878 596
563 252
602 666
967 358
279 897
918 366
900 301
683 695
667 42
942 352
102 461
486 753
188 254
939 862
120 796
568 356
128 657
24 546
41 900
447 992
736 341
934 678
171 994
799 236
885 301
813 448
547 236
231 879
876 608
51 852
830 910
936 917
813 81
447 343
451 144
253 4
457 519
150 610
137 641
176 233
606 474
699 775
383 790
96 304
519 16
389 379
851 576
731 150
767 764
203 529
367 226
777 962
73 907
988 622
536 23
780 674
363 740
694 824
509 574
475 754
740 174
699 707
649 506
579 113
469 1
792 462
243 876
942 960
230 886
613 370
394 854
203 42
4 41
117 672
435 725
381 951
187 542
960 286
464 941
212 443
415 742
706 673
728 153
503 757
734 83
681 101
520 165
283 257
18 558
906 605
151 270
727 879
432 340
50 159
143 858
165 702
24 574
745 596
977 785
555 983
19 985
650 929
148 514
707 656
944 334
447 661
35 111
770 454
310 439
367 322
996 690
723 474
318 898
524 217
402 769
585 477
146 787
383 980
918 801
267 209
966 605
917 119
846 7
793 185
833 868
206 998
410 747
784 468
128 40
927 642
998 477
788 107
189 738
91 694
440 130
860 389
77 941
8 652
122 566
854 367
303 479
569 493
955 744
544 701
686 872
393 199
161 355
753 201
256 601
111 483
646 298
299 669
318 139
126 979
855 992
930 537
629 539
683 819
795 925
320 315
963 579
551 376
437 936
558 684
522 590
112 695
344 32
398 829
290 259
406 280
190 675
856 443
412 745
126 573
666 644
245 145
799 608
503 729
273 326
936 386
886 410
467 120
196 602
364 400
22 74
758 192
435 583
428 48
900 539
79 60
805 898
477 369
802 904
335 985
898 151
716 853
254 236
68 36
775 972
98 872
7 102
694 164
987 170
272 597
48 492
51 831
586 612
443 405
480 519
105 382
87 58
751 19
309 108
646 101
393 1
675 884
803 586
551 216
94 669
954 738
919 852
422 404
833 531
261 26
209 345
122 586
441 319
750 72
19 40
343 825
156 825
986 162
848 207
338 885
47 879
731 666
843 964
56 402
208 701
134 725
429 731
191 524
179 460
160 743
18 946
94 217
645 215
350 103
559 206
182 941
965 430
283 58
247 997
681 788
820 323
877 366
689 494
207 198
672 458
196 920
456 549
919 254
444 222
397 431
639 261
414 129
986 649
53 894
567 453
939 885
83 503
670 999
602 985
434 887
73 141
649 947
183 848
404 547
225 90
300 908
176 642
763 710
415 109
92 494
220 219
363 116
7 279
671 828
672 630
68 263
179 678
757 413
405 40
334 454
690 358
175 658
842 445
757 270
426 616
154 923
874 106
454 422
111 897
936 585
495 38
319 372
50 747
994 885
396 963
988 869
780 341
609 376
711 725
972 689
518 237
483 452
511 254
854 693
765 486
638 844
416 283
219 462
132 463
150 784
157 119
712 349
65 917
29 242
252 509
111 426
204 120
356 259
410 923
787 75
421 201
740 489
173 380
627 569
961 125
155 418
66 795
892 403
51 245
171 359
423 653
541 490
155 602
896 745
506 197
914 220
992 644
903 872
173 587
936 459
26 351
559 107
610 497
165 776
277 462
204 738
478 449
80 784
104 71
749 570
606 989
867 563
761 20
500 40
784 45
987 726
572 964
231 793
867 553
438 292
612 888
540 449
280 875
93 123
110 517
628 450
423 344
794 284
334 77
319 283
853 831
529 537
234 289
241 635
208 396
957 849
64 992
945 809
383 785
96 305
959 344
105 165
90 787
381 272
272 812
977 105
235 636
217 652
234 594
200 478
110 65
402 774
275 492
333 286
949 116
697 11
38 829
954 666
494 339
766 359
69 921
195 722
20 444
416 87
632 671
929 857
768 473
518 277
497 383
522 728
230 887
506 7
622 937
382 690
123 370
704 276
515 702
753 927
86 118
844 306
123 739
878 625
630 150
425 789
178 71
783 550
736 677
773 540
758 74
170 995
154 492
305 840
329 66
369 839
128 638
153 221
245 335
407 720
112 719
884 938
336 896
633 238
172 286
64 703
656 83
767 863
631 643
775 858
889 965
525 367
653 442
875 758
949 611
633 456
708 414
552 754
822 386
646 860
499 155
432 864
819 844
180 710
197 544
399 356
256 30
992 296
385 446
557 192
405 947
686 540
300 303
871 544
180 373
381 308
848 311
391 529
587 914
518 68
594 78
243 444
595 723
778 401
711 557
553 919
522 537
298 58
9 37
375 56
639 863
656 844
859 375
56 8
310 653
683 165
423 998
543 945
692 413
855 995
675 777
809 735
113 250
866 408
597 280
801 291
164 613
661 791
902 24
943 509
140 510
88 951
752 366
494 683
153 637
156 880
430 403
322 616
861 949
576 779
403 985
615 618
725 166
84 18
974 767
499 541
841 479
782 710
183 847
117 199
49 367
641 611
368 909
741 946
729 521
563 834
840 477
235 277
855 529
75 684
108 167
317 743
37 760
882 292
558 442
345 835
276 157
116 214
281 319
673 525
525 740
567 425
716 933
256 75
748 122
25 770
233 935
824 638
508 255
111 66
315 601
120 495
391 740
655 939
695 442
910 596
149 466
375 254
191 41
298 911
885 969
471 370
123 254
238 157
132 266
45 712
395 452
337 791
240 257
293 281
187 778
539 593
756 969
123 476
344 287
200 835
910 738
596 227
133 369
778 614
653 634
892 392
70 724
729 257
237 317
274 457
717 627
60 346
453 35
639 550
291 534
202 167
790 556
296 160
773 690
300 728
706 375
487 138
804 728
52 613
891 354
634 21
192 96
289 753
502 333
801 666
165 787
24 857
60 47
443 913
575 984
299 479
404 966
991 552
469 862
534 242
225 202
936 205
101 631
486 51
287 38
254 47
861 93
572 912
888 485
951 341
90 619
160 940
63 924
603 224
200 118
167 690
873 401
638 915
586 566
471 24
241 559
516 989
332 962
152 104
775 64
462 325
618 487
450 277
844 800
57 429
590 65
976 821
538 548
388 963
461 179
872 358
508 114
935 399
281 678
802 448
971 507
863 697
367 942
977 814
263 675
748 751
75 453
919 744
616 9
635 807
377 539
335 890
646 636
414 676
701 400
375 401
881 87
933 877
175 749
999 540
229 764
433 571
624 786
416 823
914 74
164 445
75 202
433 404
765 779
201 688
952 984
37 26
184 578
517 256
982 756
70 978
684 858
324 856
546 919
70 109
842 26
356 934
305 956
839 955
676 968
588 633
249 384
828 456
704 70
61 471
279 384
836 579
359 214
987 553
235 332
864 284
3 322
814 126
407 572
444 767
141 496
884 966
374 800
620 968
722 120
832 728
851 356
317 44
393 668
181 293
550 886
898 463
223 702
519 509
462 437
371 971
944 17
208 465
922 437
668 840
280 185
155 807
581 725
512 484
587 792
209 710
293 925
333 396
635 628
891 494
431 515
108 908
380 105
200 479
351 312
578 748
579 93
636 410
412 172
730 979
858 140
696 863
608 443
575 233
945 791
122 899
88 527
765 747
986 232
165 437
493 1000
169 818
939 210
172 707
496 81
920 517
425 233
545 168
79 765
752 500
92 845
190 464
246 450
286 949
911 894
380 737
421 462
99 252
959 578
376 982
801 608
382 621
40 238
682 293
459 740
430 759
2 557
622 635
292 460
511 216
852 567
995 647
193 385
946 65
412 933
808 313
675 993
628 611
882 480
957 351
482 929
206 311
303 701
417 742
70 216
129 298
700 39
900 545
429 980
675 355
720 904
990 424
318 817
580 428
696 639
230 109
3 463
444 715
447 740
965 359
627 41
298 596
996 515
443 389
599 742
581 919
270 726
38 658
757 768
498 399
494 990
106 344
253 407
402 585
615 678
854 643
103 693
487 858
64 546
404 382
498 113
65 562
191 86
11 436
103 778
507 389
328 560
517 994
539 854
85 273
105 563
888 7
930 420
454 942
806 339
225 859
464 734
483 74
469 35
986 895
402 156
969 896
108 436
271 94
401 92
264 340
305 568
696 183
5 739
744 707
1 688
952 912
586 255
493 528
500 476
529 122
469 615
640 829
538 333
313 971
409 260
227 525
670 905
19 793
153 783
102 282
343 516
220 241
709 403
33 978
819 751
548 23
420 354
903 375
836 810
527 388
15 855
362 913
419 170
149 29
478 843
337 341
559 614
708 364
376 781
381 4
689 393
290 52
661 35
97 388
355 518
85 753
993 620
632 284
81 106
724 756
817 446
690 900
52 413
450 679
146 678
968 630
116 612
303 86
803 588
878 144
163 749
516 590
906 335
105 414
694 742
721 196
208 913
541 113
948 117
622 4
570 931
535 935
294 35
722 678
615 48
490 950
731 668
489 793
329 588
221 550
882 800
810 5
514 94
173 835
291 648
109 881
716 223
502 160
50 353
527 209
714 968
253 239
889 358
967 97
340 42
801 552
934 844
387 715
424 5
633 873
979 341
853 372
70 6
880 190
799 985
135 958
670 997
175 457
804 447
454 368
995 556
339 208
936 158
249 707
124 953
417 543
715 848
625 680
263 56
139 246
328 61
944 487
504 350
103 398
316 779
78 120
315 646
361 57
335 587
266 78
948 155
270 654
147 449
632 201
963 163
450 274
660 129
916 107
229 214
621 596
513 993
591 600
99 694
74 888
436 71
590 352
595 650
299 313
906 355
271 183
998 162
540 764
905 41
673 453
199 177
517 220
259 740
668 344
798 719
748 910
469 219
579 548
118 178
356 611
907 885
221 699
5 682
784 611
416 679
145 31
611 124
614 781
594 488
304 696
119 990
117 487
292 425
863 850
828 235
791 977
870 618
136 693
852 878
654 347
71 447
58 618
116 292
64 439
597 787
357 542
123 916
697 869
455 941
295 728
996 955
226 407
430 789
801 903
241 910
370 254
46 485
254 72
236 947
150 640
299 198
599 620
266 768
874 61
432 24
237 747
901 938
599 733
175 801
659 664
641 485
823 917
756 424
647 203
954 845
683 98
541 566
451 34
508 177
292 722
242 869
522 307
869 216
318 342
211 994
824 567
437 108
574 615
721 977
774 101
650 95
483 482
284 753
285 40
696 753
110 71
665 698
26 936
99 722
834 771
981 720
752 696
199 375
346 985
510 844
238 98
812 718
872 97
618 525
565 2
198 565
702 229
265 486
820 112
350 771
631 182
796 489
288 176
678 973
695 929
865 714
888 789
354 177
389 990
363 293
329 405
862 408
99 255
852 807
669 695
802 536
170 606
986 732
505 258
976 584
832 202
50 11
359 23
71 419
2 166
921 388
603 806
860 550
503 788
452 794
127 920
700 32
95 811
699 376
149 919
278 869
872 852
580 429
317 705
563 665
858 779
106 20
362 954
913 570
491 594
832 694
229 298
712 844
474 643
861 309
93 683
774 404
43 410
641 449
73 647
864 246
148 183
206 997
614 38
906 999
158 8
570 262
627 153
802 39
52 442
642 604
655 240
482 370
682 213
545 271
780 754
512 112
731 100
734 837
91 197
590 297
721 78
691 914
104 88
260 493
902 820
711 444
413 281
678 783
200 730
772 320
555 80
8 493
896 902
263 891
74 658
97 723
152 908
687 676
982 480
682 484
460 506
152 827
743 717
302 493
514 685
587 417
450 874
154 300
796 147
129 958
979 929
87 810
458 102
5 627
190 561
249 91
164 212
872 992
283 750
410 808
576 708
823 488
6 706
399 308
814 213
562 82
637 910
802 677
178 331
54 734
20 602
168 333
581 660
686 247
344 419
784 119
931 1000
328 179
883 419
240 623
483 785
901 204
140 866
489 128
880 607
76 864
718 275
96 46
573 532
824 802
606 580
276 401
388 715
428 180
656 351
486 454
125 30
457 732
556 184
264 584
962 611
266 58
12 522
307 682
967 647
150 432
381 470
264 678
484 961
525 853
33 127
161 34
618 120
962 180
265 92
730 904
412 321
260 449
557 597
602 78
506 347
35 646
622 5
74 551
976 989
691 393
759 994
912 687
285 931
342 828
972 163
627 441
993 344
479 509
852 633
764 349
359 667
971 29
844 485
78 917
688 889
430 322
895 906
347 948
173 612
586 237
843 180
991 372
518 908
228 294
66 583
363 11
681 418
373 454
630 79
978 740
374 649
691 249
771 177
365 842
500 215
317 551
145 638
567 395
365 987
172 337
305 112
604 332
969 217
914 714
228 584
245 694
528 72
70 451
366 986
23 603
154 998
822 473
391 804
34 227
306 892
367 101
59 668
869 37
228 829
358 680
108 795
114 132
815 870
542 234
51 186
893 174
346 83
493 224
756 666
99 697
150 791
669 253
964 431
551 249
989 876
760 829
51 427
893 496
324 925
873 636
144 662
821 196
332 209
726 67
976 797
431 429
805 336
421 71
721 449
649 188
243 773
504 515
657 857
473 776
380 168
51 610
743 533
156 779
819 253
530 120
11 571
677 231
956 802
813 999
778 890
763 296
486 657
322 686
362 387
27 786
266 614
976 111
623 123
728 48
909 37
857 844
571 586
988 516
991 761
832 30
972 82
887 568
526 278
505 362
899 480
439 43
975 149
46 123
379 938
430 794
898 56
295 680
465 709
33 921
569 831
491 617
871 202
174 398
656 505
675 423
234 157
471 216
609 447
572 805
528 195
233 67
552 713
435 975
756 425
78 85
650 378
10 157
945 814
949 814
404 501
580 14
160 593
971 699
55 556
24 128
557 362
48 262
8 453
536 27
668 616
617 144
713 75
696 865
698 307
185 476
284 50
582 993
109 389
419 240
133 149
834 34
969 793
683 203
226 786
496 899
155 274
677 441
360 575
346 619
700 526
347 734
459 952
470 744
675 856
559 652
52 825
184 497
701 148
776 213
389 622
999 915
705 194
887 629
523 977
785 42
770 926
808 213
563 386
774 958
548 997
689 598
799 120
658 843
628 621
214 631
562 431
391 283
515 127
615 950
175 625
892 997
418 774
662 109
6 513
282 933
12 178
63 577
231 655
567 209
607 816
789 56
334 223
357 208
68 911
145 817
517 718
8 594
461 232
708 191
216 789
512 450
458 894
646 125
525 816
621 539
217 749
492 593
147 214
432 142
557 479
820 823
17 582
938 198
796 296
959 172
48 512
485 597
893 440
252 288
459 70
332 456
744 920
636 158
484 659
639 809
820 85
548 964
473 166
716 38
248 866
355 134
339 525
377 322
351 871
381 998
927 853
888 818
5 336
729 6
507 630
918 583
500 431
743 605
947 104
730 408
821 591
503 552
107 148
179 771
19 682
667 22
979 296
946 99
88 327
614 482
329 99
899 427
477 171
245 182
33 871
729 450
236 726
935 834
477 909
865 2
675 257
803 212
253 885
269 752
456 457
116 51
130 883
118 577
894 230
605 598
715 913
348 222
504 789
542 578
28 1000
432 33
474 356
20 808
58 103
441 198
205 254
176 181
216 834
823 845
347 188
2 529
65 611
392 493
263 410
413 41
622 441
237 869
8 733
225 841
228 120
156 519
194 184
765 335
214 191
622 296
968 911
200 537
879 187
293 548
26 993
688 318
229 914
857 409
910 653
756 933
163 332
856 607
108 756
125 562
971 318
365 227
937 482
298 172
314 736
164 565
661 711
847 784
388 445
303 66
161 621
201 520
75 35
97 623
579 595
763 158
251 482
515 763
694 856
169 443
408 797
830 800
887 305
631 90
583 24
641 817
472 356
734 412
365 551
518 909
176 600
434 992
538 474
991 644
393 96
819 303
70 151
988 398
827 776
349 68
222 978
980 218
231 96
386 353
945 214
323 710
125 366
515 196
20 750
140 990
7 416
764 651
893 873
31 46
822 303
415 84
811 570
901 472
965 317
534 138
2 723
811 587
105 60
738 273
738 856
823 342
926 59
472 712
548 457
200 343
347 152
137 800
535 194
227 780
717 127
354 615
579 98
561 979
48 746
625 654
750 505
721 149
355 915
63 418
358 794
451 701
40 697
630 706
652 992
967 793
364 882
130 982
419 254
521 31
995 208
248 811
434 320
916 536
521 104
902 543
665 864
502 19
565 383
488 950
991 437
39 616
728 275
636 932
537 819
330 19
350 470
524 543
395 597
626 474
143 943
644 896
97 853
226 179
101 805
136 695
637 851
235 748
107 92
616 136
680 948
933 430
239 683
577 348
500 133
749 566
201 96
563 782
33 815
93 931
561 337
870 805
12 143
508 638
842 330
171 630
903 185
818 467
162 367
101 330
836 243
874 74
875 671
849 376
722 6
376 134
211 631
177 699
784 493
785 836
563 257
901 586
405 923
635 664
651 927
525 954
358 597
116 213
954 836
115 320
117 602
119 408
906 178
673 133
983 416
237 190
381 946
43 909
155 759
262 681
105 596
472 881
343 78
632 675
708 536
13 638
915 414
857 243
473 250
660 586
778 573
818 766
395 736
853 614
971 36
476 606
57 612
359 307
333 815
961 206
340 253
468 42
87 768
540 134
356 701
417 921
805 38
131 75
813 603
411 685
545 745
567 620
735 842
886 290
127 242
46 37
193 567
801 816
89 582
481 417
776 530
651 909
144 492
440 819
421 359
331 798
371 285
567 163
42 826
667 585
962 891
524 214
736 84
93 681
591 222
231 440
229 441
675 211
125 120
362 858
971 888
293 860
745 155
482 784
589 282
864 871
166 480
99 530
225 691
872 274
91 191
102 667
785 945
147 360
647 463
691 871
964 337
808 969
772 556
989 802
479 852
191 160
947 574
824 307
769 758
240 394
440 60
792 273
96 686
173 954
542 477
526 966
178 592
976 188
407 505
739 360
835 950
35 950
109 249
660 767
147 804
114 657
242 474
412 448
38 398
131 376
631 5
189 18
943 505
992 721
451 868
268 278
179 149
363 144
458 100
891 646
586 376
439 332
406 127
84 909
287 296
701 828
140 62
892 923
517 782
126 226
73 502
555 822
420 365
483 787
282 330
925 923
84 722
14 829
24 317
421 773
525 655
271 619
715 865
275 620
59 773
781 571
160 700
627 198
674 827
885 514
437 676
263 260
964 151
769 391
474 391
845 148
576 394
910 624
57 6
845 101
439 756
850 701
483 316
466 690
16 81
510 827
43 68
669 136
54 836
265 66
830 485
526 930
569 125
368 330
377 710
522 781
707 267
910 428
234 987
200 839
536 993
226 987
337 304
801 451
821 896
970 458
933 198
237 313
592 328
709 943
31 695
51 13
916 859
95 316
978 960
444 100
503 523
612 792
877 76
588 883
922 779
161 831
149 634
645 517
334 702
337 366
781 69
669 41
417 818
292 150
810 727
528 428
306 310
714 395
774 673
461 666
244 222
262 256
488 520
965 26
715 559
595 117
449 867
836 777
713 194
918 883
713 190
676 801
474 377
955 250
944 105
85 801
266 77
487 953
453 761
523 47
651 114
335 709
708 97
510 629
276 149
134 223
122 649
786 550
650 9
946 928
85 500
237 217
254 713
111 320
406 814
133 46
377 942
108 586
324 927
315 685
860 761
511 543
203 806
96 854
696 804
663 187
544 762
411 821
124 627
364 883
826 552
459 1
984 938
852 552
320 457
264 128
14 492
74 315
296 241
3 821
743 535
304 812
364 160
917 854
610 200
633 665
631 866
320 6
356 844
821 646
766 558
624 67
321 541
365 812
830 654
852 450
999 45
747 28
309 969
119 544
845 647
684 523
685 350
232 730
567 862
839 725
186 376
224 46
576 307
63 559
382 968
675 425
327 874
533 843
992 35
189 901
667 541
194 573
660 322
435 977
898 459
974 102
777 746
393 785
15 686
876 892
146 971
437 248
845 203
82 761
765 20
604 150
219 432
935 478
298 801
531 693
787 287
825 976
882 163
204 443
151 668
464 456
755 162
907 726
506 703
659 345
18 307
980 66
995 273
812 713
851 789
279 267
768 303
971 360
240 510
592 99
133 147
725 329
251 222
407 827
934 463
848 140
109 326
374 152
943 802
576 518
57 91
947 286
155 389
122 208
857 99
594 572
327 131
189 126
504 439
730 386
969 714
243 384
869 861
241 233
969 347
363 68
92 542
808 215
511 196
114 814
23 104
830 584
944 919
407 777
504 878
966 120
1 586
628 623
921 393
312 98
245 473
88 284
954 451
80 896
304 276
50 872
325 418
609 255
724 792
926 692
513 497
262 688
755 642
138 278
486 334
768 673
603 832
625 966
718 165
846 414
205 302
480 275
176 60
820 765
604 84
567 64
533 208
313 341
595 779
832 599
673 981
391 878
394 222
158 15
368 867
864 888
438 271
315 560
483 434
410 868
604 890
542 32
66 361
980 949
459 282
133 981
622 253
949 83
218 207
901 464
734 618
631 230
338 906
962 112
722 849
227 117
711 223
770 687
259 334
373 820
847 604
973 689
61 87
814 399
815 178
455 707
973 770
688 958
507 656
61 313
675 549
527 524
897 611
914 451
560 739
633 947
136 991
432 374
657 355
236 720
257 893
337 431
853 559
175 535
572 905
340 581
894 228
291 411
709 773
25 235
84 578
894 119
162 404
440 558
495 8
78 96
832 516
7 92
660 378
536 264
475 116
448 447
25 773
11 85
819 160
480 288
739 656
522 587
336 429
744 314
119 466
335 657
730 885
896 15
879 84
938 390
846 775
353 467
102 535
46 314
95 746
77 843
498 224
542 431
34 670
40 735
238 166
564 773
7 689
618 576
621 287
839 360
270 157
151 191
592 43
169 782
869 721
105 700
659 111
38 88
403 685
591 900
194 378
553 289
626 345
700 560
772 69
222 404
803 590
503 405
658 92
256 968
313 785
819 19
931 589
624 969
18 846
847 673
795 10
871 287
887 267
783 613
588 707
862 486
629 281
776 461
830 512
139 447
328 500
182 499
308 810
641 578
897 760
279 258
883 531
495 985
277 150
279 488
687 479
410 361
638 299
18 838
70 439
497 717
442 70
614 304
172 483
172 844
361 430
415 137
733 158
400 734
349 661
542 956
300 63
907 225
800 327
250 842
769 192
932 692
310 224
77 299
44 52
935 474
391 801
518 198
24 240
569 288
129 210
516 986
993 531
371 867
300 349
854 604
156 728
582 591
198 912
968 207
55 709
367 215
439 682
412 626
29 938
307 568
96 521
104 980
263 521
108 564
825 36
458 519
773 332
66 448
29 204
877 105
735 510
972 28
384 605
170 34
246 729
95 453
892 203
711 385
769 942
130 980
76 311
155 267
914 52
200 868
493 801
442 853
846 735
207 599
212 319
51 251
35 734
201 554
705 74
498 712
265 569
692 880
328 191
643 300
457 257
424 86
188 407
265 906
178 93
605 578
201 772
771 496
370 949
560 380
403 788
443 835
505 510
348 860
795 391
279 302
248 344
993 2
6 649
671 649
818 239
162 651
269 677
257 165
317 697
570 813
533 985
239 504
131 557
907 188
157 565
177 479
452 87
953 590
182 104
220 475
3 615
99 794
707 987
447 348
529 531
751 258
868 125
58 29
298 524
671 205
627 129
681 889
266 497
450 370
379 344
586 678
661 200
115 322
741 26
579 435
160 963
221 251
678 517
56 788
475 858
848 464
316 734
579 64
356 207
88 613
68 731
751 966
596 773
354 504
81 940
393 172
177 837
307 818
40 663
310 699
740 36
378 357
469 10
476 826
60 569
631 178
908 751
161 698
396 729
661 765
810 217
924 65
122 209
249 661
322 495
30 964
986 902
511 993
611 15
351 776
992 70
781 345
329 362
916 796
577 28
778 797
303 858
416 566
365 749
274 64
380 662
788 873
808 103
719 339
278 31
559 506
875 49
571 472
148 639
165 679
960 209
814 44
619 52
197 214
533 908
1 363
511 394
442 143
245 762
637 712
283 981
379 824
73 425
32 114
353 681
816 271
28 903
106 419
290 186
93 679
557 24
910 888
179 292
570 485
54 50
428 355
46 598
820 621
396 897
102 665
394 89
508 64
20 228
369 270
985 580
342 475
803 599
258 607
236 36
688 277
427 315
726 317
432 723
251 637
863 764
385 707
317 264
191 307
547 555
398 123
216 121
497 396
462 834
263 887
692 411
568 169
560 152
277 987
955 975
812 972
360 755
783 253
53 464
60 332
117 653
892 465
195 867
930 754
21 261
239 926
754 462
666 540
688 66
155 17
598 295
156 846
130 337
141 845
951 554
155 142
304 580
675 599
144 157
531 475
182 613
757 255
244 806
690 136
304 467
835 945
984 405
170 848
598 624
893 608
490 53
1 454
81 20
439 108
233 365
234 62
934 737
417 87
336 610
102 121
28 884
413 994
675 403
35 48
788 722
572 889
250 823
201 489
521 842
719 875
188 737
327 523
394 96
432 179
346 345
960 465
917 259
445 659
337 106
20 209
927 815
860 322
437 63
649 601
630 936
566 908
375 839
413 38
8 569
882 153
76 288
739 736
238 71
389 461
872 415
636 360
384 707
938 278
955 668
831 33
82 992
263 693
178 739
506 756
252 464
74 976
346 925
57 230
665 999
523 449
375 26
95 907
186 949
561 743
301 755
659 110
751 732
388 440
178 852
797 822
290 838
956 683
128 701
78 921
339 667
891 838
178 807
883 982
402 415
739 410
889 361
139 720
16 293
217 420
523 223
918 346
904 820
784 794
70 123
911 595
774 901
283 718
274 903
684 914
996 908
888 269
926 979
140 988
849 742
707 704
62 969
875 918
659 933
992 170
353 864
615 72
619 397
127 690
352 184
210 186
232 414
677 680
953 418
522 393
560 204
499 168
529 711
931 375
842 646
612 560
522 280
516 636
263 362
927 771
695 359
347 157
111 108
225 761
834 649
618 368
90 169
199 505
272 854
111 221
78 398
320 702
356 212
12 776
533 346
223 260
940 428
379 10
18 348
311 993
973 308
321 181
362 351
677 560
750 222
809 648
352 877
369 129
976 375
780 214
298 143
118 260
449 233
382 665
218 422
934 48
683 880
939 394
977 595
763 206
126 642
146 218
934 131
477 812
126 749
911 657
983 980
610 198
130 905
408 892
316 93
891 723
344 142
786 285
145 419
149 555
430 60
838 457
568 669
418 540
883 720
794 163
957 309
230 281
862 338
79 76
944 715
939 428
456 437
947 834
936 895
115 920
893 665
288 930
883 415
331 964
443 270
703 528
466 165
283 889
654 664
915 664
758 604
438 481
413 859
34 144
755 966
607 873
860 938
314 371
635 669
587 431
547 835
566 45
646 917
483 489
859 66
553 787
972 803
630 771
221 491
256 454
95 813
56 614
902 270
765 741
307 821
34 711
165 447
863 296
845 269
891 179
138 633
70 628
416 907
856 466
583 814
165 145
347 722
403 740
464 534
448 395
409 359
400 302
734 313
147 747
182 794
920 409
838 267
51 71
576 806
120 610
505 40
123 617
71 265
188 43
887 619
283 281
948 541
580 756
616 709
810 685
886 336
820 562
185 757
724 374
607 687
847 220
211 310
784 302
63 978
465 455
746 80
196 177
433 103
258 524
127 81
565 685
432 871
388 934
8 598
6 65
466 570
118 987
342 361
90 254
131 956
404 260
43 204
831 191
247 292
217 753
74 810
238 25
481 804
613 115
725 521
149 115
545 256
830 460
977 872
27 481
393 207
692 501
87 509
878 472
493 966
664 334
657 484
562 809
869 699
82 581
237 449
863 413
518 744
218 88
78 787
139 969
565 259
877 241
57 532
296 316
60 333
151 870
834 292
84 315
51 50
456 930
164 499
917 795
535 732
38 284
666 541
832 269
523 864
433 470
696 300
813 555
979 447
688 944
947 157
785 10
397 196
878 903
457 425
593 885
524 689
356 917
43 946
311 179
439 510
226 489
664 508
110 891
335 285
24 610
881 313
396 354
254 58
348 43
990 398
82 123
923 595
746 914
999 452
822 514
896 453
344 642
733 184
976 659
224 1000
14 461
48 134
870 450
211 579
675 240
604 58
343 70
772 862
572 600
63 839
615 410
216 838
858 445
589 315
620 884
333 509
686 579
745 5
907 306
142 541
72 377
440 509
518 136
778 45
356 49
290 643
276 978
623 194
806 486
510 905
77 730
543 525
398 84
518 325
229 624
32 20
131 456
380 445
515 679
696 234
365 257
596 387
616 321
255 470
438 722
865 614
41 100
100 705
231 297
692 781
629 374
671 625
377 45
541 721
339 105
490 391
596 71
858 938
50 863
88 470
16 83
89 899
307 202
664 671
797 861
562 194
914 711
41 689
171 526
279 603
936 900
395 70
167 730
48 162
945 948
710 756
54 72
71 938
607 884
497 557
940 105
558 328
335 593
570 410
509 862
203 671
681 771
846 71
426 370
906 952
963 169
787 798
252 160
256 221
938 489
385 511
8 622
685 844
318 271
488 86
803 641
91 147
630 804
668 513
637 164
893 282
326 707
605 61
834 936
122 630
857 505
458 404
534 893
518 406
513 21
207 819
765 689
821 207
187 815
241 520
874 943
969 749
855 928
386 763
133 350
907 875
910 62
43 609
687 968
93 507
409 420
317 243
991 428
516 183
520 178
4 483
540 301
101 801
176 632
140 227
179 895
918 470
41 866
104 869
695 270
728 932
969 414
357 617
516 899
490 10
715 639
686 76
547 262
569 834
487 363
897 843
594 791
25 48
228 617
279 639
879 714
137 575
873 485
506 774
343 409
795 25
580 228
447 431
51 974
124 296
231 580
586 597
992 260
42 759
190 391
119 487
539 978
223 581
409 297
872 329
891 487
376 664
472 599
513 967
534 575
648 634
445 956
392 312
928 474
157 113
547 672
659 346
685 594
122 906
581 579
677 578
346 850
402 32
246 315
782 263
569 186
22 648
160 385
749 65
951 773
364 993
1000 206
888 795
208 637
817 552
657 824
951 954
911 861
226 113
868 416
373 974
553 392
292 356
856 963
105 621
297 202
283 363
505 47
187 759
459 618
79 781
705 374
520 447
763 440
533 680
239 715
656 173
676 160
127 902
737 950
855 170
442 282
210 974
743 248
178 304
236 638
608 755
559 730
984 584
713 14
144 383
537 504
564 935
665 165
728 589
396 605
234 277
205 299
479 668
153 368
465 454
530 930
3 581
163 779
828 559
372 60
134 120
941 264
600 694
305 494
256 22
183 453
690 489
497 453
923 946
871 600
530 836
531 613
107 823
471 334
826 171
185 33
565 113
601 745
447 161
470 2
586 822
332 231
704 946
851 837
48 694
711 549
631 370
722 554
781 695
892 158
86 77
289 301
475 582
90 307
610 570
908 653
820 449
586 796
57 539
978 841
117 651
743 715
397 481
644 298
832 270
615 525
501 473
144 768
142 271
79 880
317 827
611 779
359 49
490 416
823 486
861 175
771 91
847 492
780 172
652 206
690 25
420 282
645 719
820 491
780 106
174 233
112 592
560 964
23 988
49 65
325 276
275 515
7 456
357 131
158 844
895 24
932 659
846 505
812 185
426 524
188 739
998 148
410 677
180 563
306 850
842 608
241 571
917 146
188 711
9 397
929 364
270 548
147 283
263 711
495 491
181 479
209 182
506 528
971 582
219 509
114 237
993 726
668 574
547 747
986 393
159 721
237 241
661 383
441 788
189 398
850 584
501 652
372 772
122 595
359 802
402 985
904 363
647 717
282 643
172 755
545 15
4 223
604 750
610 623
402 104
230 942
635 128
816 550
750 179
346 104
463 998
856 322
748 816
736 936
143 688
977 646
277 735
486 751
639 447
184 229
420 201
649 582
460 334
908 245
464 854
774 778
712 605
654 608
549 374
699 329
383 288
884 891
206 363
962 925
652 65
546 732
887 755
16 227
720 855
993 197
79 136
82 92
546 179
253 133
948 923
54 990
504 357
983 855
840 223
769 197
54 73
454 755
168 732
614 17
284 966
820 688
859 858
860 177
57 324
132 658
560 93
266 472
198 919
39 253
78 285
532 591
462 764
642 542
475 883
96 524
801 470
878 183
860 582
846 913
316 676
619 782
279 305
808 788
471 596
517 180
169 990
562 799
742 753
356 308
947 747
825 267
352 879
539 565
920 561
761 645
706 30
147 864
259 378
902 528
235 913
415 615
606 398
143 660
4 206
652 594
770 225
904 835
657 125
770 948
992 524
994 214
516 327
994 190
940 635
619 188
140 115
322 842
597 742
255 184
404 968
870 847
818 234
177 242
801 920
434 739
958 245
866 766
59 164
846 279
637 658
598 920
675 429
381 84
224 913
333 209
484 323
637 259
93 753
884 236
941 291
390 43
194 936
741 939
766 200
380 899
312 419
846 160
519 10
409 547
712 132
87 4
769 451
882 332
384 879
968 394
920 81
943 959
775 732
660 19
105 462
609 876
72 862
792 444
405 745
733 23
998 837
711 465
863 298
39 340
227 204
450 821
240 321
921 928
259 713
67 766
868 323
400 401
43 575
826 570
946 388
970 270
919 347
80 568
887 327
869 968
395 743
515 822
990 84
644 280
522 487
778 792
321 723
567 144
348 652
235 395
978 535
562 470
231 193
468 563
205 998
220 509
775 542
465 633
654 425
217 65
311 222
583 103
151 369
173 217
46 409
999 77
767 241
552 510
145 568
37 634
138 718
280 801
338 43
176 978
954 289
421 876
747 282
253 77
382 308
183 294
137 602
592 360
487 620
716 954
342 934
339 722
132 731
684 408
150 516
949 780
788 398
807 418
808 695
116 921
299 203
814 606
310 138
659 411
203 567
429 519
8 551
446 153
821 499
596 397
893 920
494 133
756 728
886 667
864 237
467 891
998 565
748 664
837 889
859 209
200 626
38 854
20 453
616 58
428 674
565 111
588 128
365 249
807 998
976 418
133 243
464 726
726 18
643 570
881 27
449 617
958 481
155 500
265 660
817 935
838 587
377 781
625 30
91 646
165 179
729 387
957 183
740 313
522 628
262 71
341 338
537 893
226 18
118 108
175 223
863 194
131 29
387 423
960 483
541 602
76 900
800 348
688 975
109 568
745 796
118 782
211 152
946 29
712 546
748 288
932 47
644 635
742 322
600 343
249 815
876 508
733 5
60 91
292 861
934 740
867 707
619 418
158 802
456 94
724 943
854 874
638 237
713 186
955 213
462 455
76 287
600 740
506 831
271 743
661 43
977 398
704 578
321 667
577 444
882 261
575 921
115 398
208 220
542 241
911 292
884 506
661 382
413 325
858 19
113 947
977 842
669 52
873 905
661 146
307 879
223 195
865 666
66 347
226 980
668 227
925 716
142 206
291 688
950 801
536 533
666 972
960 289
725 111
839 27
183 535
493 603
207 413
689 694
155 254
508 940
87 967
862 91
495 662
350 399
173 494
546 904
302 242
819 388
969 279
416 625
828 61
573 141
520 871
308 105
62 658
357 738
84 942
545 660
553 225
684 909
426 941
437 267
482 609
744 202
12 18
463 458
384 425
414 975
990 473
247 201
810 701
137 807
448 544
415 228
365 99
721 545
650 623
863 740
923 561
466 188
476 106
732 167
146 830
805 573
936 932
371 73
29 531
146 849
663 544
940 107
776 924
440 28
953 272
864 181
604 555
385 332
831 863
51 658
402 792
152 271
193 867
161 455
768 169
698 294
365 244
811 13
483 968
904 265
561 550
125 639
454 607
825 153
916 704
617 479
719 853
195 625
288 61
345 60
522 810
636 220
673 334
602 476
848 820
133 348
393 487
515 588
635 397
568 177
250 101
834 118
455 758
155 218
273 363
519 786
773 558
483 857
102 504
504 855
639 291
417 864
767 798
689 956
375 508
407 710
546 654
414 393
729 572
602 818
611 408
438 248
700 139
314 826
340 522
748 659
831 704
723 459
906 745
563 562
489 65
162 361
140 798
2 798
404 158
8 863
794 354
10 309
478 106
488 775
305 375
897 107
456 229
756 432
149 206
673 972
567 488
827 327
391 662
752 978
436 781
313 62
276 182
778 16
102 576
222 507
379 205
788 201
501 722
337 849
527 300
406 975
25 652
816 641
626 40
458 438
283 2
190 961
946 675
678 116
50 267
74 614
200 821
578 54
155 491
726 102
104 401
527 115
610 903
437 601
852 952
134 651
691 378
106 678
490 537
491 480
516 119
347 836
924 460
213 883
431 172
714 776
531 338
236 436
757 886
44 775
248 410
709 755
502 275
487 197
970 225
383 52
663 198
313 950
207 250
689 591
377 235
838 40
89 735
883 689
610 459
886 292
933 10
224 225
477 241
541 776
671 873
490 108
638 252
537 333
101 732
115 889
261 693
889 866
288 961
550 937
93 818
774 509
41 655
443 303
120 144
319 464
983 937
31 492
842 507
81 859
245 536
637 294
727 148
203 712
813 602
628 206
556 99
975 603
300 289
817 393
43 220
107 809
492 569
518 163
332 146
495 326
902 2
100 438
851 726
823 516
169 635
25 767
449 283
935 15
161 399
40 744
661 458
942 777
240 835
801 223
968 632
492 366
455 122
42 45
164 952
942 888
561 767
606 19
433 664
530 262
668 515
569 212
381 782
703 289
762 751
429 748
914 789
303 183
933 812
492 12
757 141
133 404
564 476
100 601
486 630
161 971
202 137
430 160
147 520
815 185
616 518
139 569
422 610
32 951
287 385
714 191
491 234
936 397
754 684
576 180
387 311
947 349
945 449
418 579
550 664
745 684
417 665
202 333
663 456
477 213
850 337
737 497
659 909
586 215
184 959
906 734
482 700
68 165
215 438
497 693
547 81
353 865
92 210
314 212
483 759
504 76
820 734
582 469
505 871
660 263
205 94
78 148
116 847
688 120
318 647
945 879
530 791
416 40
915 947
253 974
974 466
389 440
300 261
102 697
803 742
898 26
528 212
176 394
587 936
133 52
262 728
636 475
543 633
748 765
30 324
342 106
790 851
613 685
173 920
100 136
467 647
655 192
15 161
146 464
166 23
332 491
502 940
647 604
190 921
968 739
347 750
264 234
929 648
531 172
971 21
535 652
666 973
169 19
758 383
959 572
787 120
17 103
960 337
979 495
47 455
107 216
240 967
411 280
178 5
508 796
582 256
282 103
72 623
309 846
400 934
629 405
961 603
842 469
603 870
675 341
469 868
720 954
112 495
421 961
714 260
37 561
497 704
222 759
851 229
524 5
618 184
140 830
513 316
897 925
36 383
241 763
383 512
722 789
386 410
183 298
33 727
242 674
343 494
404 181
243 2
561 153
220 274
976 912
570 8
510 639
702 517
970 491
501 844
836 208
212 785
998 400
357 488
622 348
768 59
26 422
370 101
501 765
372 747
266 312
51 514
473 340
733 718
107 532
494 322
665 598
631 391
423 834
150 926
707 463
418 89
820 730
403 494
675 9
830 395
963 742
749 201
750 226
753 142
96 987
26 750
445 232
360 960
325 594
677 397
291 734
660 701
956 724
540 923
136 497
155 447
672 3
718 57
307 104
291 687
80 606
632 987
446 637
322 567
285 673
877 327
809 63
22 956
350 473
996 72
173 576
635 381
726 660
236 480
572 266
314 630
187 748
79 810
444 245
856 237
395 987
316 447
710 11
420 461
108 189
903 400
117 133
838 239
931 987
624 295
957 531
7 364
409 997
651 954
253 822
126 60
419 156
206 244
278 705
28 952
305 326
423 333
634 610
820 743
436 744
534 353
505 1
526 384
870 393
871 928
833 677
94 949
916 161
280 131
890 990
279 841
29 792
765 46
452 385
682 546
869 80
289 36
293 532
540 571
323 135
760 513
524 641
726 298
543 672
843 714
458 548
111 354
172 550
678 792
555 111
167 285
536 944
576 749
792 474
811 278
406 558
282 616
304 992
165 157
169 218
978 864
596 599
192 789
134 648
265 719
303 3
643 510
829 471
249 213
506 236
625 338
183 606
369 540
502 272
322 650
677 20
442 347
44 663
351 533
140 130
623 921
37 262
331 553
297 489
378 524
621 294
486 919
876 259
399 772
699 258
250 570
219 953
993 146
866 640
79 221
137 894
634 676
505 616
824 928
839 695
201 359
637 591
564 306
813 24
48 158
598 954
716 415
927 287
879 747
458 635
797 548
393 678
450 433
345 669
514 813
681 975
379 394
128 36
250 578
300 290
124 446
280 270
319 919
176 495
592 807
449 282
985 760
803 555
644 493
863 763
721 214
670 349
8 263
7 587
665 959
706 783
138 537
604 259
790 829
100 971
285 583
624 709
786 44
382 725
678 998
667 908
188 374
460 499
862 627
653 732
53 588
874 946
387 24
151 211
500 439
21 807
286 814
878 536
479 447
499 633
872 911
487 232
70 16
739 323
586 498
54 548
951 302
64 456
639 75
533 570
36 102
934 651
791 246
7 295
727 756
588 77
177 56
770 15
811 697
212 246
961 664
718 338
997 284
676 933
41 406
699 12
495 161
559 616
104 594
625 996
2 711
3 674
447 403
711 966
803 395
181 355
458 952
665 430
487 995
78 260
530 210
618 281
234 526
452 473
42 921
437 427
578 699
728 813
945 584
147 250
846 952
595 760
105 388
949 433
830 492
228 326
35 970
60 527
834 98
821 792
57 971
109 871
436 425
210 627
5 700
562 555
523 819
895 837
967 480
987 236
904 938
231 293
857 974
145 442
25 798
867 293
207 268
178 2
951 669
718 696
496 673
350 284
903 542
135 944
83 387
396 476
71 610
643 101
258 29
335 306
49 384
583 455
73 10
37 431
225 199
512 983
722 364
694 451
875 281
150 778
461 868
997 690
194 673
943 572
289 723
197 826
9 629
789 166
866 571
44 163
149 389
15 546
182 49
439 898
962 557
648 749
292 672
223 732
125 780
337 73
120 423
138 10
617 466
289 942
766 568
4 599
78 352
426 257
100 402
289 31
849 71
445 916
858 191
740 191
225 990
561 548
954 788
215 767
293 337
683 73
189 256
796 360
925 396
104 296
109 41
19 193
652 879
565 214
877 36
491 361
643 628
795 849
134 685
446 659
484 546
285 527
184 478
312 659
577 153
565 331
527 831
363 192
398 961
579 708
225 942
832 248
795 492
486 793
178 38
876 145
407 642
295 893
118 884
67 994
620 142
109 643
13 263
283 606
486 123
434 670
240 593
918 52
956 383
581 134
740 81
876 454
58 656
766 493
686 859
500 833
690 657
530 954
657 168
569 544
811 943
884 239
479 565
405 818
559 913
301 897
603 257
93 639
65 690
709 415
360 466
492 727
664 42
451 419
206 689
682 214
63 232
342 433
649 267
423 144
543 675
416 162
436 45
189 435
246 652
726 154
692 286
929 996
416 17
289 261
626 38
699 734
777 56
309 620
236 956
803 876
97 717
446 316
303 157
948 166
617 414
682 502
978 865
579 898
610 265
32 207
308 692
662 591
477 779
601 111
782 980
30 857
37 35
274 663
41 160
9 578
152 952
701 909
649 562
411 451
642 349
164 9
934 541
719 345
867 458
705 507
301 400
747 96
965 953
280 693
482 551
992 17
748 334
235 293
897 826
408 281
242 486
488 583
144 371
550 782
970 675
814 784
928 975
536 990
894 66
950 208
309 712
572 706
689 410
466 789
660 365
912 536
422 552
579 375
409 659
124 328
766 235
894 316
58 170
834 603
517 582
68 113
521 387
918 655
264 692
541 270
447 173
985 590
233 721
972 892
686 778
484 934
250 51
699 653
977 867
320 618
372 851
673 42
554 511
717 865
541 19
209 522
48 904
213 66
749 144
991 215
316 845
819 4
770 678
329 558
221 584
661 795
701 350
652 646
467 440
32 235
678 130
288 325
537 834
368 147
820 269
999 942
819 60
417 972
87 798
464 63
190 575
601 500
359 476
330 162
59 480
4 423
761 254
374 699
827 341
701 770
704 106
173 169
874 310
306 266
474 984
491 778
310 322
944 920
258 425
187 501
6 587
358 126
494 67
804 764
932 441
650 630
136 804
491 552
898 360
709 186
426 520
614 105
842 620
556 178
703 685
634 778
327 585
953 362
238 476
95 573
689 352
671 272
567 323
328 712
60 955
8 710
959 21
484 971
752 875
218 59
720 201
593 93
977 830
916 303
189 507
716 492
274 27
238 792
449 371
549 732
824 53
627 552
96 928
52 843
647 892
601 54
447 231
681 142
511 935
593 938
190 584
984 89
503 515
344 184
930 899
679 572
846 950
596 366
210 737
211 200
714 209
342 758
127 100
740 909
757 818
466 262
287 244
872 45
865 180
923 276
338 204
766 276
490 19
185 307
119 986
317 686
135 816
305 110
414 280
624 396
219 992
629 181
560 996
618 166
893 864
548 141
328 40
914 851
809 540
737 220
828 653
68 639
600 596
314 246
632 101
443 454
872 692
671 214
322 168
290 111
384 1000
594 481
543 424
929 268
146 622
402 644
721 994
815 872
856 887
117 954
716 675
458 703
423 239
850 665
783 48
234 754
734 779
471 739
738 470
90 409
556 843
542 498
547 536
87 307
15 22
864 470
687 512
414 656
878 405
751 649
41 280
709 873
216 274
790 762
386 756
338 733
598 135
490 544
346 524
169 13
133 490
744 759
585 693
285 703
537 826
40 254
204 561
506 457
390 822
563 202
808 227
22 813
39 833
723 912
316 458
210 709
701 563
193 433
340 448
912 321
767 507
400 117
681 388
455 529
69 159
736 896
255 164
383 704
486 323
746 836
783 235
141 484
605 31
846 283
547 154
486 346
1 34
738 531
405 192
543 110
840 255
382 362
917 101
18 940
113 572
202 839
439 534
501 957
101 83
655 657
417 124
551 945
517 609
55 550
711 995
660 31
92 128
494 237
901 339
761 986
632 462
834 790
506 711
346 940
792 318
314 134
354 499
319 851
503 22
454 230
432 701
536 771
539 612
726 545
195 622
768 778
952 51
610 531
39 289
269 348
147 640
520 486
320 348
364 109
353 260
406 270
78 987
787 961
118 951
84 3
835 845
53 776
615 714
687 201
843 835
28 474
66 645
932 160
225 658
992 923
923 39
541 660
841 463
999 248
718 72
145 675
44 439
561 283
905 889
780 638
758 35
306 502
788 598
382 85
681 642
511 435
390 777
228 699
10 498
49 88
713 49
713 421
555 850
810 434
538 940
357 874
608 952
8 894
461 956
708 387
488 870
536 308
849 339
561 167
191 889
354 669
343 41
401 738
988 802
898 598
936 669
495 23
354 706
690 916
52 397
169 746
146 694
542 40
691 878
255 791
56 823
976 503
81 292
104 67
570 800
556 787
833 434
377 622
307 791
308 452
57 828
167 259
333 535
9 929
123 463
450 789
696 101
695 873
630 434
51 139
840 959
621 230
127 365
643 476
187 584
399 961
727 334
526 11
965 745
503 574
469 506
229 384
274 760
458 109
22 890
883 106
68 734
571 543
701 912
540 274
64 91
542 641
526 293
568 603
934 574
477 161
693 40
373 368
600 172
784 979
433 59
439 101
616 950
563 849
784 98
478 234
365 103
718 495
846 288
707 634
689 219
390 737
429 480
569 893
157 746
903 248
427 707
101 312
871 772
799 59
693 548
840 168
125 418
291 272
936 603
703 607
917 757
372 333
637 455
769 109
399 478
918 590
150 548
689 278
746 193
712 113
114 151
451 440
163 520
76 351
605 199
811 148
688 345
393 51
530 564
512 87
74 840
113 806
954 756
794 797
725 567
344 749
351 501
385 880
742 718
670 379
734 590
130 968
127 507
385 61
894 868
169 888
568 882
925 569
913 256
786 14
844 280
41 477
965 207
686 157
467 343
106 765
804 638
588 789
131 236
994 92
79 674
616 470
283 441
377 70
508 936
878 570
117 396
923 201
706 763
581 509
304 615
212 112
583 163
36 934
89 863
226 276
634 393
254 163
710 34
69 186
474 778
603 612
620 827
770 126
257 849
168 586
512 937
486 44
419 273
760 189
813 461
659 795
253 128
36 911
594 188
296 519
832 713
283 771
428 926
950 153
823 901
24 401
812 154
764 611
466 986
358 724
984 803
140 957
676 697
728 605
592 564
390 211
211 978
966 806
57 440
989 607
223 623
738 961
885 670
800 528
626 862
294 270
314 440
498 173
850 662
945 618
730 960
731 441
664 494
593 440
756 540
481 870
466 56
215 134
930 369
237 97
786 446
539 667
482 264
815 574
144 641
218 318
862 237
852 561
924 198
303 251
929 824
40 961
717 953
331 194
341 421
326 443
782 969
411 219
340 227
201 675
809 60
44 799
210 563
505 21
1 756
192 89
601 307
197 472
970 88
75 948
793 705
576 255
758 235
943 783
35 258
885 704
918 91
222 948
704 83
297 684
64 673
562 224
802 595
166 958
775 868
967 690
917 499
640 849
685 119
978 3
547 106
806 789
951 212
384 70
148 167
121 643
893 101
223 942
932 551
189 894
82 750
301 528
111 137
99 625
391 547
486 172
860 432
313 179
461 475
446 113
780 707
983 442
459 198
321 249
229 976
431 372
592 92
778 705
251 233
514 955
381 870
934 452
114 355
383 402
958 462
317 478
924 42
809 207
506 9
880 310
753 56
723 736
999 567
456 909
522 556
652 627
526 44
657 195
843 152
274 661
905 525
190 513
881 380
32 943
790 336
960 11
923 177
173 306
504 887
268 74
732 551
296 899
563 967
767 111
608 748
827 842
849 662
962 943
338 149
304 269
68 318
987 763
202 676
40 279
810 807
364 640
83 155
266 857
718 259
769 151
163 160
914 920
665 38
974 216
907 33
927 162
949 998
357 239
36 228
281 478
101 229
232 364
86 667
984 795
876 857
126 177
493 379
981 895
445 760
559 804
323 196
217 585
72 324
399 155
293 932
264 694
105 284
398 289
492 580
111 274
462 936
894 623
420 648
772 677
521 355
282 681
934 741
952 97
237 41
221 932
937 499
367 602
619 462
857 164
288 121
731 655
539 496
869 565
108 425
923 424
816 554
159 308
472 187
805 494
53 585
867 189
984 127
223 517
966 179
804 682
541 302
516 230
494 804
65 260
87 943
722 867
499 747
246 429
823 508
224 274
615 894
541 887
28 686
469 844
533 583
831 806
343 648
988 195
295 613
791 352
999 509
894 237
705 985
383 616
521 993
477 156
659 879
931 242
989 344
665 2
353 574
711 182
106 286
16 554
56 519
241 573
457 712
778 242
559 843
858 388
986 369
146 520
493 351
528 915
774 142
950 147
161 77
237 858
20 128
114 203
329 908
879 204
113 805
683 465
315 821
872 22
13 730
655 671
806 281
627 268
366 352
333 681
63 256
29 144
791 540
670 664
765 535
514 867
324 835
330 768
493 820
42 156
562 599
598 121
607 475
182 908
18 933
421 56
575 667
909 339
285 729
749 404
236 105
810 296
320 52
156 682
750 190
148 874
792 930
888 987
362 290
144 241
911 603
80 803
689 907
108 461
321 527
505 346
328 509
240 729
519 971
671 668
582 105
710 946
947 412
236 557
628 735
738 299
962 919
447 589
234 26
269 521
399 750
770 494
702 973
508 46
171 519
802 959
607 748
651 142
104 689
728 523
954 112
667 696
409 728
595 701
545 552
710 638
488 206
492 750
661 187
133 882
225 753
190 381
821 389
218 106
842 864
114 11
775 340
924 629
266 292
345 357
952 315
377 768
440 15
318 16
47 366
86 28
432 659
859 284
806 261
591 845
260 425
99 387
262 587
179 283
967 786
277 938
39 319
846 693
522 727
796 410
116 711
467 532
798 568
274 396
402 217
496 4
792 625
411 45
79 528
474 829
190 667
450 636
144 14
554 870
882 603
169 412
634 200
579 713
806 887
434 40
476 403
743 495
359 486
895 176
44 574
266 576
448 867
116 635
766 679
13 501
969 391
509 326
844 961
847 418
745 616
173 239
232 693
280 595
858 905
782 571
112 527
439 172
296 710
760 363
633 227
672 929
909 908
604 292
288 954
332 679
719 21
854 804
339 473
379 644
291 174
234 129
641 327
806 955
864 8
918 789
872 515
300 20
671 39
323 973
71 903
186 479
428 368
730 528
949 818
509 891
826 47
755 127
591 493
333 45
405 928
779 223
566 37
290 480
733 524
627 57
241 342
24 140
466 737
570 155
13 657
509 49
942 180
790 971
848 88
480 828
488 343
56 46
713 770
273 893
484 739
839 299
513 619
592 236
631 133
522 715
591 786
320 303
528 772
104 406
471 990
346 639
38 409
593 726
710 789
192 873
930 282
662 578
244 565
557 964
791 401
325 852
473 993
311 385
539 162
761 374
905 524
517 21
874 575
912 272
107 164
411 195
817 62
330 141
83 463
620 94
999 250
802 658
748 314
931 874
399 768
483 915
279 442
909 863
715 859
519 672
296 674
227 842
250 681
815 383
767 844
950 866
715 894
258 661
997 856
214 766
301 849
834 551
928 672
305 487
915 922
760 835
67 61
51 672
214 316
916 48
919 979
168 952
851 733
614 911
211 890
328 940
177 958
106 661
920 802
351 258
354 546
869 449
851 842
924 389
271 77
990 623
755 486
865 775
358 295
369 240
42 22
904 197
173 960
69 767
434 428
517 7
367 714
481 655
959 950
29 429
188 370
977 659
946 418
416 653
515 651
878 685
130 695
793 989
321 768
840 816
615 988
311 485
368 229
611 163
813 547
246 218
47 415
451 766
469 617
240 815
520 881
580 833
856 98
675 559
382 149
990 340
496 520
280 613
960 135
796 565
672 523
12 100
658 562
97 847
165 578
135 878
842 294
366 600
21 131
6 985
64 208
463 274
750 962
676 929
969 185
953 540
1 255
275 520
865 68
957 968
245 598
836 175
874 102
290 215
475 211
426 286
832 542
906 829
310 141
778 243
465 180
17 867
593 176
96 392
149 370
355 645
889 701
747 683
589 132
793 391
502 583
581 544
967 523
329 947
200 517
788 142
772 523
898 858
648 569
794 795
64 79
446 14
752 765
234 812
808 831
274 135
203 823
26 170
518 418
96 837
800 835
907 921
213 498
307 885
971 298
1000 266
469 201
342 841
570 548
810 247
540 908
657 872
330 270
325 923
911 644
308 623
496 455
454 723
361 975
452 530
198 42
489 979
810 440
890 720
658 884
933 446
666 283
745 738
176 547
321 526
353 925
983 873
763 726
344 584
71 751
921 248
6 554
465 724
338 90
49 21
736 201
366 628
543 230
620 987
2 820
439 873
999 369
323 976
513 160
243 9
712 462
375 540
530 997
328 777
794 554
190 403
357 386
565 749
731 157
897 291
385 503
315 626
212 798
600 996
878 207
128 415
826 362
226 590
675 157
68 745
293 716
565 84
886 709
206 635
982 232
610 667
517 189
95 833
955 800
479 38
561 681
472 784
749 853
237 496
866 480
665 891
57 869
658 404
146 64
830 238
227 439
799 869
728 691
327 144
844 318
296 252
647 861
961 254
528 967
446 614
505 170
70 946
435 211
308 579
455 748
649 905
135 754
41 665
649 76
126 613
13 344
727 447
273 365
2 293
335 475
173 460
799 552
255 208
616 722
211 86
249 911
939 445
144 109
787 757
2 71
97 67
225 118
244 150
226 425
2 827
547 417
378 604
474 927
963 425
866 761
743 93
357 994
451 357
328 248
680 365
699 475
794 509
382 157
12 274
430 513
860 78
24 320
525 685
710 712
436 757
309 353
858 634
862 919
902 510
81 130
126 660
784 473
968 134
917 211
742 840
747 738
289 78
842 818
517 622
774 87
719 634
219 744
547 731
967 29
593 9
817 577
565 995
927 524
664 460
919 684
425 312
885 914
891 221
779 423
821 186
665 934
319 685
824 1
734 516
630 597
779 395
852 599
236 617
963 598
288 381
52 927
517 435
539 391
815 306
28 128
620 298
838 753
280 66
743 556
526 50
89 263
810 481
873 69
923 2
544 221
641 885
951 592
511 201
663 220
810 624
4 463
463 106
44 547
395 843
70 203
19 891
334 364
653 200
717 674
839 541
366 701
352 27
558 63
176 969
874 240
177 96
257 531
172 413
154 944
908 361
141 662
181 409
733 220
811 638
573 627
298 583
284 649
634 899
946 132
345 736
744 283
489 321
333 464
492 548
305 986
700 507
85 448
466 706
394 295
848 276
697 198
842 953
789 670
242 157
226 630
152 333
66 495
488 293
20 460
4 841
77 813
902 806
635 783
434 474
18 157
440 183
114 306
647 630
797 133
99 43
100 78
504 729
982 498
964 793
945 316
877 232
844 503
460 488
49 979
730 506
434 143
182 849
577 69
9 529
411 133
692 818
438 638
330 95
61 221
282 154
246 219
883 738
700 500
904 639
903 561
575 980
635 941
139 396
411 419
197 414
568 606
186 627
45 858
763 717
965 921
55 129
295 662
168 884
822 685
569 15
334 507
816 342
944 283
641 285
515 356
6 873
617 654
300 78
619 296
654 857
289 699
372 839
276 423
318 354
977 374
996 470
297 900
524 381
817 726
546 261
964 116
567 441
860 165
536 275
202 779
980 766
272 725
901 19
194 794
485 265
402 815
541 974
670 92
854 297
215 865
808 913
327 363
60 806
976 103
639 914
711 513
507 47
273 683
915 4
720 92
114 455
246 612
190 48
63 258
284 45
713 985
308 475
65 186
818 600
873 515
125 694
68 325
471 942
679 325
385 967
869 599
854 213
530 247
400 464
723 666
276 727
389 536
856 505
361 829
761 651
895 952
397 61
861 632
161 766
473 984
258 244
900 315
768 386
499 600
761 301
120 675
265 996
515 900
686 213
156 586
269 805
128 455
240 731
974 602
261 981
830 670
301 468
429 31
983 664
838 133
804 61
862 271
511 487
59 238
791 273
486 335
797 852
300 780
505 698
415 237
55 26
827 229
3 487
797 965
836 893
481 331
837 452
162 348
954 224
102 994
927 215
272 531
715 825
77 288
719 849
957 860
31 307
159 270
551 568
73 585
310 878
210 466
802 14
751 209
54 355
463 706
445 574
585 713
470 211
555 347
868 994
501 711
617 166
364 577
246 677
707 437
446 43
354 959
566 488
170 720
898 942
651 554
363 460
218 317
365 186
331 118
223 44
354 205
550 82
526 77
411 958
378 199
252 748
735 129
213 862
317 40
394 819
627 566
455 350
368 64
873 113
408 983
762 912
671 931
895 860
696 382
880 491
553 411
95 260
942 263
250 223
912 310
658 198
277 753
987 244
847 654
829 175
886 416
909 87
201 898
148 767
991 751
813 763
471 392
786 678
452 789
552 123
643 68
480 182
174 190
71 229
736 359
737 18
735 635
81 598
82 169
10 474
630 929
665 291
732 331
352 239
244 437
314 307
780 185
265 976
15 924
586 888
200 51
241 665
439 844
412 513
599 722
926 358
394 95
245 793
223 592
189 778
49 680
79 394
409 698
708 58
512 325
965 405
769 426
189 891
389 361
104 845
964 211
750 324
987 18
55 546
918 740
150 850
410 903
380 121
510 748
740 201
686 755
378 406
929 14
622 237
324 592
351 441
189 462
268 803
15 118
143 429
366 286
61 756
711 350
344 312
217 46
75 440
113 205
866 389
811 268
833 244
527 120
655 439
587 293
145 202
311 765
278 494
705 946
728 333
774 961
420 811
293 35
956 869
354 51
264 311
84 152
402 477
222 234
848 565
944 820
670 882
602 588
292 508
365 738
953 955
951 704
230 307
519 563
883 551
684 588
244 235
33 966
805 776
35 176
68 328
344 688
336 512
263 113
323 794
452 190
96 128
189 957
112 502
124 726
676 30
152 1
245 914
581 808
713 480
785 787
241 487
149 348
336 445
731 196
489 721
676 579
857 998
664 11
78 349
391 512
768 249
912 781
290 373
642 734
347 332
613 121
194 217
967 950
678 687
138 944
69 876
126 919
755 409
558 240
761 724
7 726
194 507
714 312
603 982
847 947
403 522
541 304
355 261
585 736
605 765
293 757
606 334
545 241
387 538
544 139
641 807
827 540
494 811
776 334
460 719
282 155
583 187
896 915
991 233
943 367
828 162
814 373
118 774
504 276
54 574
58 565
633 959
740 869
707 532
712 554
31 794
453 180
550 738
555 916
239 615
896 544
384 372
591 99
278 784
822 349
399 516
880 590
409 848
619 299
233 116
720 642
902 308
46 526
413 145
875 594
489 403
720 529
519 53
189 818
617 943
484 146
864 784
77 29
839 904
704 888
742 992
110 14
366 500
631 440
794 793
265 77
708 935
531 870
612 91
190 49
88 727
809 665
385 853
665 252
251 146
553 668
645 269
679 324
703 689
217 744
783 218
143 699
535 645
243 935
905 360
984 175
730 479
65 403
143 552
347 901
352 553
758 481
649 915
373 909
155 246
31 587
732 708
145 444
813 517
942 347
31 984
767 450
768 990
810 585
169 327
526 261
484 731
292 155
972 662
679 610
980 232
504 33
128 567
564 659
542 654
541 969
49 11
486 490
749 870
914 829
989 151
681 734
168 423
524 60
728 671
453 458
827 85
646 747
841 614
873 503
231 709
545 597
885 632
690 630
655 760
177 649
447 2
313 42
495 278
501 800
450 149
656 584
878 205
948 558
937 669
954 805
332 132
441 974
833 604
996 184
501 710
82 552
654 884
750 395
878 188
399 77
661 410
475 763
186 634
119 168
90 478
221 888
517 187
440 129
442 507
613 770
981 814
484 714
324 759
981 391
930 508
592 827
407 308
818 637
284 161
503 303
121 56
151 819
578 93
891 556
52 820
700 744
903 965
540 1
246 102
249 194
891 895
268 380
877 320
71 137
628 890
656 136
630 152
279 92
635 370
800 301
343 777
434 39
679 735
226 325
923 169
658 854
254 271
65 803
918 492
576 243
426 998
532 215
582 57
430 186
433 246
676 182
624 207
408 438
532 946
718 521
481 226
171 130
162 671
110 825
420 347
283 965
16 824
344 725
826 401
215 375
626 698
609 456
851 375
449 971
836 225
621 885
970 619
737 364
650 365
813 207
855 308
162 67
128 95
516 930
794 524
544 855
63 129
704 248
488 45
396 864
492 717
118 400
831 140
929 156
803 679
623 46
114 42
599 323
312 121
555 215
770 308
997 374
621 330
274 837
551 99
717 887
555 100
868 229
835 500
527 458
414 753
772 996
722 862
959 927
325 575
967 128
71 79
739 836
378 75
400 281
734 292
700 652
50 924
893 616
373 980
874 683
297 304
444 33
663 222
342 196
581 433
199 606
827 977
849 889
26 48
745 696
766 710
76 910
17 224
634 316
980 288
12 210
732 833
443 182
462 214
401 899
692 24
663 642
131 629
799 66
806 986
453 386
875 32
595 169
651 203
171 750
371 221
987 339
883 98
613 309
834 546
837 557
708 31
823 894
882 278
115 445
690 642
428 486
694 969
381 450
829 878
342 471
768 250
143 226
937 725
975 833
78 74
378 427
363 693
768 361
316 209
56 171
103 502
169 908
523 465
707 396
569 115
259 489
962 66
428 810
195 561
566 576
787 149
865 885
42 164
635 111
69 653
624 764
914 112
697 640
955 321
874 672
832 489
425 69
248 736
285 753
164 486
188 508
72 653
288 458
317 817
244 627
305 702
951 694
166 574
278 68
54 575
169 500
598 652
936 473
13 314
714 409
864 358
847 103
142 598
763 700
608 891
878 613
186 193
595 103
851 209
500 993
693 702
932 924
514 3
629 844
558 456
923 733
876 667
626 706
163 832
168 746
831 401
577 850
894 499
38 687
440 682
68 893
524 462
841 598
806 672
629 543
523 142
546 10
676 608
395 928
663 874
617 200
377 819
882 168
483 283
420 728
402 956
169 607
939 111
498 789
281 841
820 794
750 95
436 227
848 35
869 371
191 347
274 21
402 94
242 353
725 276
999 661
122 827
786 248
810 242
497 309
777 459
616 317
635 11
195 954
714 918
930 699
473 828
330 927
835 248
701 380
868 403
193 141
356 719
776 394
41 81
639 136
100 756
901 418
260 900
724 417
62 520
732 628
434 915
473 591
421 663
80 807
766 655
554 563
149 765
921 332
170 824
62 874
357 634
84 806
749 980
633 203
137 814
559 311
598 795
220 85
132 983
166 919
678 732
393 517
50 948
72 196
200 25
956 432
775 908
797 628
488 788
250 863
859 807
966 633
806 994
219 132
537 47
385 298
776 901
484 774
105 45
113 696
844 201
722 164
742 163
300 338
708 87
604 128
347 233
111 112
371 799
729 578
777 180
315 853
483 215
920 952
694 723
679 5
609 841
756 904
407 454
263 802
982 94
381 861
368 356
62 232
193 79
730 158
469 234
472 130
19 311
648 133
406 757
49 904
345 963
655 450
829 459
541 503
501 170
826 911
579 717
884 44
957 472
631 737
559 4
250 332
214 714
79 322
684 987
724 35
904 683
763 518
914 636
74 225
375 683
221 78
404 978
496 595
67 632
68 455
440 806
372 125
868 442
598 807
395 14
326 875
556 353
625 891
576 257
480 406
172 436
854 824
84 536
840 150
125 500
197 775
236 819
565 556
768 834
36 490
393 643
561 189
963 225
953 400
860 367
861 359
203 692
834 590
281 630
551 943
812 409
426 236
289 60
734 862
388 529
21 749
902 174
890 696
512 20
518 478
61 641
228 438
78 84
69 886
485 545
837 796
677 631
159 800
623 271
330 610
287 968
886 599
66 168
213 439
216 325
604 15
255 556
203 65
227 71
66 922
69 680
341 467
26 502
772 115
706 491
501 285
585 714
431 198
87 672
646 812
700 653
347 863
669 646
448 54
545 920
766 922
69 458
394 932
14 325
696 284
127 196
308 546
882 635
829 64
670 880
196 963
865 276
465 998
435 310
637 776
668 841
69 236
235 252
394 229
253 722
908 183
863 222
732 979
624 236
590 561
974 912
346 218
675 277
767 251
775 822
966 679
434 41
163 214
665 184
376 771
230 226
324 99
915 704
932 354
889 587
798 271
671 163
855 362
837 299
381 255
788 289
759 974
617 945
399 369
256 225
441 43
884 377
333 461
381 449
467 766
385 572
564 494
840 821
713 704
181 90
595 740
800 716
963 904
967 588
603 177
809 530
954 589
920 853
886 512
27 509
232 7
821 155
215 700
164 690
471 534
518 341
522 792
941 850
276 797
967 103
492 5
610 928
916 999
407 236
191 661
909 298
329 416
37 863
705 13
302 365
643 339
607 162
204 631
117 434
465 945
139 560
165 750
801 643
141 98
804 294
40 75
496 701
773 621
856 173
51 634
810 738
278 52
232 866
228 504
97 392
448 990
305 123
935 963
250 585
207 2
312 14
872 929
500 994
763 812
896 465
549 441
6 876
337 187
931 249
479 226
152 240
29 694
46 524
251 522
784 405
180 518
607 917
901 610
707 815
432 831
404 445
299 33
119 416
543 322
863 545
599 107
911 351
660 989
399 107
203 858
521 305
402 972
220 843
690 427
354 437
743 941
545 4
271 221
218 292
754 178
369 144
504 649
335 853
616 369
252 572
735 174
938 972
852 906
110 682
798 592
550 241
570 659
97 639
784 129
709 912
969 547
386 781
635 360
359 360
884 569
335 451
653 986
892 744
571 561
151 493
175 475
268 15
895 104
827 792
477 159
261 978
671 667
999 62
134 741
770 120
720 947
516 628
918 32
707 719
135 846
83 233
337 278
672 777
996 614
119 753
655 304
825 634
435 962
77 221
495 50
610 936
231 596
417 248
76 411
149 289
426 358
163 880
307 665
90 779
253 365
134 206
498 167
171 87
434 722
372 764
920 798
760 605
246 696
414 126
264 355
132 217
905 95
815 452
1000 475
32 477
273 16
568 255
199 163
825 272
592 5
167 449
830 3
710 518
602 418
179 80
571 913
937 351
922 557
544 471
448 444
284 210
685 993
751 628
886 133
388 272
562 711
448 43
711 42
222 13
773 643
466 921
250 218
984 124
114 829
558 986
540 289
157 963
526 372
348 850
103 24
250 444
645 763
850 383
213 931
837 131
469 423
932 105
880 938
516 616
174 300
490 129
556 444
757 333
704 375
478 870
379 667
659 829
363 67
354 983
384 518
569 552
450 165
382 365
536 505
644 890
806 670
320 969
485 253
632 354
775 294
209 235
816 861
545 369
102 638
402 882
498 203
725 632
873 813
675 516
898 798
518 479
941 988
691 569
449 422
582 982
915 65
260 394
722 717
262 552
265 276
914 480
123 56
216 326
130 906
97 709
662 770
397 352
829 957
867 54
191 624
654 120
394 978
723 599
706 283
840 793
948 460
369 523
944 823
796 776
139 535
156 751
527 904
753 749
506 706
166 528
169 268
500 378
429 834
514 983
305 892
509 500
553 150
295 793
847 284
885 73
857 407
235 140
723 218
92 307
789 403
801 981
139 322
953 666
597 551
374 992
267 486
206 599
558 434
63 624
466 890
679 972
800 602
864 41
670 294
885 397
391 974
113 576
129 251
295 306
557 155
34 56
110 279
347 163
591 460
404 410
958 961
480 29
125 874
881 559
114 253
367 797
778 58
74 863
271 112
117 859
77 666
178 753
821 105
785 275
238 149
275 141
703 117
209 497
889 858
530 493
825 223
55 854
5 429
892 257
70 589
531 45
15 196
352 802
917 375
389 777
910 83
821 956
262 521
38 446
740 300
908 528
782 9
87 839
832 849
465 807
50 507
748 230
217 346
162 319
495 647
830 900
303 780
641 853
252 868
736 597
827 910
866 1000
140 816
649 598
784 955
714 52
474 817
221 71
484 627
831 768
652 81
875 920
732 807
346 606
223 956
168 462
512 627
771 565
54 121
970 606
759 828
704 558
647 158
157 352
90 901
162 22
955 351
423 413
524 456
929 376
355 230
492 640
919 925
719 886
940 152
229 175
341 997
451 999
362 576
32 195
495 364
815 717
172 961
731 82
659 305
521 304
759 352
261 117
561 567
503 38
809 525
493 12
743 940
285 714
137 136
800 856
142 955
398 972
327 113
551 37
564 786
544 349
694 535
695 842
347 760
313 568
238 226
303 93
469 325
566 733
715 181
473 770
955 324
420 799
352 685
464 971
304 816
196 870
914 573
363 223
300 708
415 721
491 51
357 646
710 138
260 997
959 339
779 527
897 600
680 88
576 831
463 673
757 86
850 408
614 449
559 320
541 853
653 187
590 622
516 629
810 854
25 438
600 318
768 602
93 991
645 952
188 949
68 131
479 915
145 910
241 753
332 520
884 520
998 501
883 27
250 733
546 293
769 66
937 992
76 404
992 373
635 655
581 749
52 477
493 317
60 992
423 22
