871 2765
490 363
491 363
537 389
173 667
814 859
484 556
512 10
288 287
770 216
382 377
243 21
814 17
669 679
193 150
257 367
204 101
26 837
355 19
710 817
34 548
312 265
420 234
439 688
709 231
285 42
712 234
200 478
708 98
832 734
227 437
504 533
357 221
686 731
694 825
18 310
129 631
224 782
428 376
584 254
302 122
182 326
384 393
684 296
208 274
426 361
232 707
285 434
819 563
549 528
694 603
743 862
144 710
547 720
533 850
845 43
60 869
574 12
850 493
49 699
246 536
690 655
749 474
492 69
714 724
632 130
99 253
438 103
244 720
213 306
532 759
202 254
684 763
632 190
752 411
766 573
19 214
684 408
690 234
249 605
175 818
475 425
480 65
647 643
468 632
251 709
400 189
71 711
130 769
239 417
811 506
280 141
279 538
246 230
565 716
863 241
324 702
677 104
718 305
172 429
249 831
504 293
659 504
109 743
450 746
244 645
547 453
840 238
306 398
577 785
841 219
380 347
751 836
238 308
316 120
304 229
307 765
396 717
606 706
829 182
354 672
652 772
421 105
484 357
599 43
712 500
475 106
520 125
186 548
341 248
722 562
227 144
69 106
512 343
490 671
113 444
850 248
650 493
616 64
686 551
197 698
625 473
662 678
147 800
574 516
169 371
800 577
29 476
855 592
839 431
623 57
747 316
166 223
69 269
411 721
603 766
15 612
37 413
439 25
103 603
784 451
53 744
846 634
560 26
136 764
84 18
103 680
641 308
262 76
38 50
774 488
115 294
704 340
463 126
764 732
651 106
88 783
527 513
70 180
700 91
231 701
577 843
372 814
546 506
656 358
584 771
487 608
726 287
598 292
654 250
160 197
569 769
531 365
482 643
257 544
864 701
208 236
391 331
467 147
86 781
416 537
109 239
860 809
720 770
241 372
826 252
791 451
482 419
461 521
466 703
323 346
769 799
399 720
402 354
358 319
741 596
141 336
275 729
75 724
706 357
175 259
46 439
528 466
820 176
716 449
516 230
114 303
747 821
209 513
228 315
506 453
146 681
218 810
402 831
761 585
616 196
88 797
696 679
489 623
221 607
405 254
395 321
565 528
250 490
214 43
306 853
372 848
852 259
729 632
18 858
765 818
465 735
68 161
621 437
123 851
457 91
2 851
77 429
500 351
764 745
316 550
144 598
471 783
129 519
828 602
850 437
210 788
862 850
641 630
697 767
20 479
740 110
83 664
798 241
853 575
729 142
288 31
34 66
15 164
860 647
19 596
562 163
215 573
608 274
846 232
738 608
465 213
667 548
688 751
233 120
269 821
536 94
96 725
334 293
153 351
32 679
513 854
108 37
437 330
774 246
463 718
82 286
267 429
842 299
273 137
844 59
188 124
174 518
839 831
226 282
118 163
543 733
788 33
382 322
475 44
57 569
703 588
334 225
599 687
581 864
558 233
846 124
777 603
776 557
844 386
374 862
637 73
548 462
825 839
37 249
24 824
42 699
391 130
460 752
14 118
793 740
427 809
290 857
427 36
159 263
401 807
685 827
443 427
66 594
565 790
14 121
642 212
810 565
295 37
813 658
137 516
764 525
624 786
680 393
591 152
333 792
423 833
426 800
794 557
137 742
158 763
765 689
252 191
437 726
403 346
209 148
279 162
465 351
485 303
200 28
398 532
849 497
5 259
760 745
800 200
466 835
512 719
1 411
375 686
365 816
244 380
262 119
755 104
845 353
568 12
74 421
750 230
589 646
421 832
78 803
192 670
573 606
408 539
262 223
800 497
68 26
383 372
852 784
212 439
431 151
111 21
402 507
295 242
533 378
87 12
470 289
436 496
383 682
386 602
849 290
80 299
541 210
50 24
216 283
551 711
221 534
722 444
649 612
780 791
857 22
73 800
406 822
44 461
61 489
209 416
621 347
837 814
659 527
310 264
94 485
371 266
745 76
448 92
653 358
309 96
477 532
495 288
601 653
487 753
533 849
849 785
573 592
98 218
317 60
305 540
177 295
568 539
474 291
808 10
756 445
408 803
80 576
853 518
150 247
625 164
238 299
870 646
482 863
300 314
183 160
77 413
614 699
544 392
818 449
268 520
239 377
721 650
810 528
406 666
71 234
596 112
379 507
89 672
27 548
839 322
216 780
490 864
452 500
697 502
240 327
755 245
739 290
25 11
64 122
639 654
789 201
213 141
387 759
687 288
201 563
31 204
601 132
536 780
38 379
442 592
336 461
308 95
815 474
226 711
149 592
238 359
276 833
259 139
600 35
48 288
433 761
617 101
65 566
817 169
185 839
365 774
542 773
508 211
570 82
607 518
664 328
192 601
589 357
821 830
72 350
400 59
757 688
648 220
545 257
326 381
525 851
385 569
310 54
80 413
685 549
861 206
724 186
762 373
29 839
29 178
195 781
843 834
577 485
660 632
273 820
159 360
622 213
180 177
473 169
438 542
256 705
216 301
777 417
238 812
89 121
513 804
398 155
439 480
83 187
763 572
840 591
124 152
397 481
535 735
458 17
810 330
80 222
7 248
670 285
563 437
363 577
821 586
3 410
499 628
62 614
362 618
329 578
291 407
57 504
102 740
133 270
743 844
345 828
471 134
438 501
137 1
393 724
601 223
379 82
639 641
725 848
724 200
525 628
177 59
436 186
510 129
96 815
23 17
815 510
464 776
105 380
187 296
637 514
831 213
764 723
716 283
182 86
130 543
685 506
814 667
832 393
267 699
733 494
490 568
487 347
643 340
811 471
426 725
745 433
50 180
142 772
656 430
508 102
146 673
573 124
60 484
22 279
445 627
601 709
529 254
433 161
472 68
654 724
81 186
328 518
450 401
249 389
315 699
776 235
337 414
858 389
609 42
8 634
49 680
428 788
603 564
507 696
237 857
848 258
352 359
499 47
211 790
508 295
606 402
695 568
362 644
522 389
320 730
279 810
378 448
360 640
608 647
454 62
132 249
444 429
778 832
374 481
32 445
804 157
401 264
113 755
738 393
701 755
634 205
140 773
252 719
24 278
208 685
411 541
854 212
250 405
570 289
454 363
703 591
354 10
134 852
449 499
602 740
110 788
557 651
541 92
206 405
673 460
216 860
734 752
586 646
460 753
209 620
193 103
718 700
721 691
722 802
447 293
363 320
491 673
516 505
42 681
810 129
336 190
837 867
28 198
193 756
789 448
129 666
777 579
336 509
262 448
742 181
446 395
730 30
767 183
327 124
148 534
33 633
254 610
455 551
630 494
615 773
635 4
194 17
197 465
431 19
769 641
455 361
279 817
230 508
488 160
440 782
743 619
193 267
102 719
69 829
340 763
306 439
416 534
678 274
863 327
204 192
791 412
465 350
447 145
857 845
381 824
72 509
781 108
144 127
435 528
335 235
817 227
124 283
286 126
108 701
241 100
355 601
377 717
140 269
604 156
453 301
348 680
113 34
800 697
188 1
525 329
230 209
819 481
531 683
150 584
182 547
71 771
522 465
82 549
411 403
766 118
75 251
557 73
504 52
536 380
760 357
626 783
803 398
457 408
668 184
829 144
46 784
505 388
7 835
85 598
645 147
632 14
545 476
746 122
345 374
187 603
518 489
540 593
260 838
727 715
503 584
307 208
771 338
700 129
394 617
408 257
193 286
410 780
221 424
224 500
233 189
69 244
514 387
577 637
150 384
504 542
656 261
152 298
326 705
2 94
718 199
416 523
720 231
214 107
221 837
758 473
120 18
48 420
289 539
289 497
109 16
739 722
659 41
369 758
478 869
734 115
203 413
631 60
423 731
12 805
185 641
573 302
696 397
806 536
746 255
505 189
656 848
616 775
865 429
539 633
352 13
333 37
27 339
479 705
527 456
787 554
95 639
776 846
137 411
265 174
698 412
601 260
394 266
491 329
401 542
720 695
774 835
351 696
157 835
305 411
623 593
675 749
612 356
351 713
317 617
212 543
46 594
488 508
656 642
362 751
207 468
293 815
311 384
239 103
540 154
617 536
597 530
836 95
660 758
257 588
811 744
208 733
119 354
675 562
107 635
364 410
862 420
97 254
423 713
123 846
520 405
185 505
131 853
280 110
562 51
265 580
620 432
807 418
465 284
49 650
123 633
721 611
42 180
830 638
835 58
563 532
362 249
768 225
860 415
754 323
840 583
600 527
28 17
749 519
203 718
460 585
118 21
834 346
584 3
160 373
414 128
254 14
681 648
496 317
577 484
268 491
749 147
90 199
18 53
80 153
460 354
640 118
712 865
655 387
487 70
470 26
491 131
700 85
721 757
828 591
81 281
389 96
724 520
819 138
117 59
360 677
749 372
808 409
153 580
83 848
88 762
770 68
404 597
536 866
692 802
813 553
753 668
761 249
524 691
305 867
417 809
802 568
509 633
105 394
251 34
658 111
626 549
164 484
2 459
295 292
439 629
860 326
402 119
437 857
222 193
115 393
819 433
782 497
507 685
18 39
682 78
684 171
304 461
531 744
502 195
240 234
244 738
478 393
479 261
307 428
343 338
242 313
21 460
650 316
176 870
818 173
31 168
90 801
490 74
591 96
403 315
277 232
85 618
344 481
90 635
865 308
848 268
477 6
278 89
709 363
267 546
342 506
71 39
704 554
484 258
416 215
588 341
514 391
223 743
316 189
137 821
154 253
223 89
12 568
567 692
215 3
35 82
559 655
85 627
73 372
364 352
661 705
259 257
719 512
758 176
197 384
786 18
551 700
418 24
512 660
713 309
240 418
349 502
349 558
705 680
388 140
800 265
62 591
412 711
531 545
184 233
851 221
650 515
811 276
648 316
867 839
120 779
445 79
302 424
32 156
621 54
443 25
146 291
603 759
633 83
370 13
853 606
516 53
312 54
226 49
542 646
624 575
179 688
550 476
475 281
868 186
11 532
482 209
140 812
871 353
173 307
415 624
146 282
115 537
80 623
49 443
470 136
324 448
179 157
536 658
62 105
634 374
11 278
530 499
91 100
277 458
296 635
297 710
287 503
158 769
289 726
705 726
734 718
37 369
368 451
757 631
593 833
480 359
69 597
698 16
146 840
404 112
794 696
544 53
670 192
174 165
219 588
221 299
253 350
541 45
317 675
122 400
340 79
487 375
753 722
383 678
369 134
519 175
480 564
466 357
563 113
195 542
125 790
222 485
257 822
176 266
32 161
626 446
114 409
823 586
862 366
165 646
812 806
160 144
837 826
705 77
849 145
478 173
797 806
300 335
588 12
565 757
469 438
519 786
557 369
775 318
579 457
322 728
116 300
560 869
425 705
745 303
528 382
585 867
190 696
240 59
49 861
719 232
447 416
18 796
609 665
420 152
542 264
726 229
636 552
69 814
182 648
865 839
866 37
613 194
776 858
681 491
393 384
655 88
112 744
41 406
167 7
26 223
745 272
395 814
234 736
770 174
369 79
167 148
79 86
799 329
13 750
609 658
183 652
645 436
559 170
525 713
464 825
763 319
59 436
828 318
519 154
596 728
578 63
84 436
323 830
838 62
733 268
806 578
721 663
632 459
244 292
743 680
234 747
56 135
379 556
704 173
463 833
338 167
230 50
674 803
837 789
570 71
814 315
82 749
817 358
214 278
98 186
467 609
352 230
318 464
327 233
439 414
703 520
336 682
156 266
13 858
89 396
258 148
606 363
183 558
257 787
863 88
461 649
297 626
597 679
599 856
216 468
767 204
220 715
261 249
126 80
259 305
298 796
225 788
778 607
763 442
851 433
761 637
733 201
461 300
372 359
584 135
359 721
35 743
859 194
455 322
258 455
474 774
70 352
168 829
616 92
815 484
687 403
691 682
713 12
179 821
490 255
19 668
665 740
757 347
460 826
28 105
546 628
231 249
214 147
19 781
166 620
759 838
847 238
355 238
359 771
306 286
768 853
224 248
579 543
512 159
16 148
492 682
610 730
94 455
539 630
512 216
547 301
693 278
109 250
554 409
475 781
466 306
622 351
286 146
783 240
677 349
199 596
521 494
216 53
225 315
13 698
649 153
345 346
700 206
96 383
828 544
688 408
318 39
32 412
187 82
382 702
669 405
869 696
137 247
815 548
855 78
776 134
806 534
857 222
22 682
761 700
188 632
251 827
624 708
2 139
78 27
373 831
46 64
766 830
312 557
200 165
347 54
123 363
16 689
23 421
723 156
367 594
807 339
55 853
870 236
871 189
585 108
5 334
113 678
517 5
114 249
376 149
613 684
376 783
32 113
364 292
436 102
664 385
848 430
188 268
79 463
547 482
547 588
309 342
439 104
597 478
48 480
735 730
418 238
441 858
389 709
103 268
859 25
200 863
260 249
282 10
858 614
623 524
491 711
330 869
239 173
132 809
441 785
425 500
100 50
229 455
49 414
470 693
286 22
73 16
237 135
611 528
26 461
528 519
401 713
663 310
739 481
834 673
707 181
102 116
782 815
327 43
20 132
683 512
798 474
621 67
732 541
716 268
734 183
845 496
280 346
168 745
613 473
614 473
263 689
827 144
432 755
453 520
406 504
242 845
5 10
83 870
299 808
690 408
782 338
13 668
567 866
625 354
207 260
563 20
194 452
604 485
90 216
310 120
516 691
9 150
180 457
418 504
774 551
813 309
372 781
301 481
140 404
318 124
588 333
20 639
865 635
738 833
727 341
249 142
34 431
240 306
259 760
115 415
66 254
400 23
332 543
585 143
124 483
823 379
257 22
29 68
513 799
865 515
404 566
26 439
298 432
802 138
489 413
531 290
18 358
453 762
535 762
439 571
151 13
321 191
766 353
235 491
572 381
207 266
762 95
193 101
530 659
664 367
74 672
757 867
519 258
498 183
117 57
789 640
288 270
588 492
695 520
517 824
661 835
101 160
709 470
196 244
841 166
455 180
259 601
631 319
688 425
772 88
733 645
740 540
629 325
524 60
732 55
859 695
470 217
779 254
419 374
739 512
423 237
504 516
853 809
675 9
861 728
399 393
479 353
49 791
402 388
739 437
154 651
598 360
768 606
472 779
842 323
553 57
66 582
739 696
328 41
77 588
354 646
579 451
319 68
208 365
272 580
640 690
94 732
440 419
132 441
687 868
196 249
429 292
841 199
680 526
512 568
55 304
203 395
441 132
55 435
478 3
794 640
669 127
391 786
640 363
824 248
751 807
700 795
862 766
796 211
235 580
91 568
867 845
524 741
429 668
768 708
475 466
295 393
208 70
244 471
101 330
84 632
582 395
571 780
480 741
723 291
155 37
800 190
268 137
469 766
790 2
204 97
580 434
373 476
485 664
345 602
273 355
185 590
247 224
120 704
431 524
14 572
811 543
282 838
353 753
318 637
28 610
432 347
88 269
721 780
742 679
572 684
773 162
775 578
867 549
544 91
551 861
361 175
287 691
36 751
129 817
493 560
466 404
77 742
154 382
444 577
85 344
157 664
212 40
768 547
98 590
354 220
485 336
636 663
68 228
251 332
821 413
219 653
336 249
154 16
50 554
641 501
736 53
700 43
816 642
160 166
306 454
381 760
863 857
104 846
88 648
513 505
785 636
623 372
832 204
463 102
121 430
18 81
695 6
755 158
502 653
680 746
382 221
366 710
188 449
206 597
278 26
417 596
56 126
276 214
546 752
234 111
805 598
716 612
39 145
279 137
100 385
798 397
484 32
142 31
770 370
330 839
650 356
496 744
355 853
541 662
525 764
431 861
148 516
679 808
296 713
336 305
468 643
801 528
713 501
442 607
689 758
176 281
43 221
126 391
74 34
664 585
495 312
353 249
462 563
502 159
854 753
181 414
219 839
94 682
440 77
25 757
10 669
60 565
636 441
597 124
715 113
770 179
183 575
572 688
187 5
262 511
524 687
800 812
469 490
348 90
176 74
762 47
10 566
216 797
507 853
70 491
1 557
539 151
171 576
262 226
376 333
547 752
159 163
291 379
577 259
642 449
655 499
598 289
528 472
747 563
439 656
164 650
571 346
148 505
132 378
780 198
561 497
105 859
396 1
272 127
560 738
650 697
850 602
154 552
798 369
104 72
56 171
391 441
42 386
688 75
70 572
589 762
507 579
689 172
390 150
853 358
673 413
675 602
324 670
472 319
132 489
526 295
361 92
70 734
118 186
127 411
664 386
774 813
207 531
724 529
466 436
339 62
106 863
108 623
310 182
579 190
390 254
818 176
287 55
427 447
538 19
761 732
151 89
265 315
803 6
199 102
452 184
41 791
80 827
724 242
344 395
324 532
436 110
650 798
27 241
801 756
182 814
779 824
7 694
784 103
317 15
567 868
537 305
169 692
631 203
867 714
120 506
670 854
767 470
514 470
519 278
761 598
482 433
686 694
746 40
325 80
89 685
168 746
480 716
520 705
279 814
536 277
203 326
356 182
540 658
764 112
855 508
541 522
344 176
418 225
828 194
294 89
463 169
511 465
602 563
416 258
823 767
74 72
297 431
263 77
303 74
692 544
159 140
309 836
416 220
238 192
458 161
738 751
425 485
299 460
156 824
33 693
712 419
435 243
276 26
700 701
246 718
302 129
287 471
90 817
179 685
823 236
739 859
630 213
98 506
373 761
634 725
238 652
144 553
182 143
203 22
10 276
357 187
240 17
203 487
570 451
168 728
117 160
598 236
784 61
822 517
566 846
651 431
284 633
179 264
162 157
307 102
458 824
132 549
133 637
84 765
127 697
455 555
630 490
171 102
615 212
601 733
747 484
12 782
750 581
812 528
419 788
665 25
647 676
558 332
657 314
648 462
614 777
795 97
535 120
188 16
641 177
492 595
224 226
257 197
760 194
470 542
323 836
566 245
574 560
53 409
627 457
113 134
115 285
467 46
838 99
804 538
326 728
186 455
560 761
214 66
756 35
272 223
536 369
220 746
369 43
523 480
249 731
536 671
492 183
76 860
3 494
404 336
634 406
676 306
608 600
96 518
188 545
800 73
66 728
658 43
602 764
106 377
822 750
476 481
425 338
778 187
617 568
707 324
89 779
273 806
681 719
204 301
149 372
181 253
490 340
398 739
862 537
56 573
207 714
467 60
639 226
335 665
205 592
156 795
196 856
231 587
714 797
658 638
550 111
1 257
55 242
718 438
495 438
82 172
670 788
199 153
842 783
115 348
464 348
363 400
127 605
171 66
193 241
782 652
84 450
759 344
631 519
83 734
369 697
726 820
158 577
603 257
17 60
590 498
232 643
337 305
65 690
373 420
623 805
301 340
404 816
294 563
778 30
49 764
675 87
180 728
400 413
61 535
595 140
744 135
263 619
820 804
840 229
536 584
207 866
761 511
725 28
582 533
361 151
587 704
147 598
3 445
358 93
833 797
461 244
579 273
617 441
711 355
551 506
577 549
794 451
12 849
144 207
74 826
642 143
291 327
186 274
385 158
369 817
797 593
267 222
402 337
314 159
631 533
248 226
543 569
485 150
824 608
254 24
809 493
22 857
480 634
248 412
489 823
21 202
352 330
725 460
640 115
489 58
109 738
790 205
574 750
388 722
412 354
768 133
74 321
93 729
846 9
43 300
867 603
260 651
546 656
679 38
221 287
115 162
481 527
134 20
871 144
181 39
693 732
591 49
389 490
377 772
304 548
550 373
699 519
439 853
426 532
141 288
436 477
44 864
649 834
62 84
707 842
286 75
515 809
112 559
189 730
568 130
642 118
42 813
540 854
462 70
543 845
233 158
596 683
470 605
108 432
554 611
774 816
291 584
64 507
393 97
837 299
345 344
418 702
92 265
440 196
814 399
218 480
583 54
731 169
397 682
788 400
720 454
77 642
409 415
233 841
469 611
822 179
277 392
224 516
585 506
128 672
808 66
455 410
189 42
173 741
444 835
780 805
462 570
589 435
208 338
317 625
49 552
840 781
359 335
197 368
469 507
94 334
334 571
614 276
379 709
639 396
575 285
831 168
227 99
102 390
339 391
485 364
470 623
56 655
237 251
825 442
702 778
319 350
391 829
712 549
360 218
855 722
345 759
588 209
150 251
153 133
124 341
490 757
53 709
774 588
850 222
816 338
139 199
147 826
59 595
867 414
524 726
212 871
799 56
213 624
386 250
775 398
65 502
673 537
673 405
50 175
124 170
396 391
751 320
187 583
98 675
192 522
487 136
399 657
663 304
495 503
78 261
409 370
335 803
275 446
620 38
783 161
640 721
18 29
428 378
4 405
405 588
651 153
119 344
691 843
376 799
653 459
233 717
660 409
860 638
835 386
409 140
467 792
412 239
502 386
647 306
737 573
699 681
611 68
116 411
6 142
27 55
489 616
87 81
340 718
316 47
403 424
421 740
560 837
226 284
484 527
468 88
461 83
262 140
310 343
413 840
764 392
731 804
240 308
331 402
249 125
589 622
356 44
161 509
218 13
533 167
533 338
356 134
602 736
34 683
806 277
438 787
404 476
616 7
283 447
164 733
678 228
207 276
857 140
569 333
326 313
787 620
96 196
439 731
652 713
599 121
503 499
451 162
380 772
513 790
114 101
594 78
382 238
839 593
346 263
753 845
35 96
3 814
832 801
62 417
636 81
379 782
106 202
110 658
202 44
556 37
759 558
230 219
485 764
294 615
734 821
137 527
745 290
599 445
70 821
146 272
112 384
24 546
813 233
444 780
491 401
511 519
59 248
761 792
187 862
448 76
693 292
345 590
109 627
369 187
350 359
834 666
523 624
728 616
358 487
192 549
839 474
180 312
272 510
754 763
365 149
140 112
487 649
18 596
627 382
402 362
593 434
43 624
282 820
410 663
305 637
795 488
575 514
689 154
100 738
598 353
304 248
197 328
839 724
866 508
849 604
631 188
242 418
836 657
673 785
583 132
839 798
80 115
566 375
551 300
547 560
363 629
416 713
606 260
865 65
668 837
64 251
101 415
428 270
505 31
205 252
524 670
581 475
191 500
552 239
277 474
831 233
677 755
677 270
419 819
316 295
580 532
617 294
283 483
410 665
472 424
552 13
311 433
723 561
483 414
487 208
70 56
696 503
533 422
258 174
22 352
775 297
228 541
870 164
446 847
548 613
751 94
255 197
699 76
648 180
597 810
512 868
572 120
95 811
42 421
760 626
779 702
563 176
47 122
106 757
755 66
612 729
77 669
387 70
244 406
134 620
154 749
727 589
261 721
392 341
302 621
513 360
345 475
849 781
495 238
618 31
727 403
527 310
802 838
252 446
161 556
440 48
421 498
176 832
125 238
1 363
598 122
707 236
137 193
778 264
132 76
326 44
386 728
108 800
708 849
358 862
540 698
686 158
530 823
379 503
290 412
680 183
627 157
281 12
634 863
307 736
598 841
289 553
679 843
724 474
250 794
851 852
435 26
388 364
14 418
290 36
737 543
465 828
680 190
310 489
457 702
519 106
495 83
265 262
178 545
214 318
217 61
397 204
163 620
42 359
445 618
708 816
285 1
783 349
623 71
254 229
843 501
130 120
632 53
81 849
171 166
799 843
600 531
766 719
178 332
677 656
698 631
755 634
776 244
27 487
637 610
745 119
551 8
93 427
355 620
465 220
51 282
217 505
185 634
275 431
594 307
264 700
601 355
840 741
754 771
149 128
760 550
190 137
339 59
305 564
750 524
684 394
133 668
351 853
564 720
598 739
485 137
626 66
113 714
204 172
354 760
523 157
617 413
484 652
51 355
320 174
704 764
183 152
501 788
671 103
123 437
144 35
695 552
787 699
866 279
42 504
633 512
355 262
264 806
415 561
345 169
128 156
322 180
634 768
835 641
158 663
605 619
587 32
200 318
29 631
427 121
743 518
179 351
288 571
734 32
633 349
792 81
95 494
340 263
236 235
122 699
165 764
258 714
751 450
80 50
206 534
120 286
563 370
192 463
553 328
133 654
759 259
482 365
433 783
808 709
310 830
314 309
814 638
607 252
431 405
803 747
162 225
806 574
439 719
278 93
409 853
764 743
430 573
250 66
361 650
362 213
735 89
778 252
690 407
674 445
159 423
860 336
698 55
510 180
148 415
211 109
99 574
460 760
108 202
220 550
370 426
835 598
106 807
82 273
476 616
827 432
765 132
434 180
676 651
18 823
517 836
863 157
198 57
316 176
462 147
357 402
591 333
311 768
576 868
423 107
631 774
265 153
232 527
629 263
342 759
146 652
56 423
537 639
838 303
705 305
446 817
595 629
496 109
22 96
540 485
501 665
191 253
585 641
765 712
286 14
532 678
52 706
173 29
250 199
569 739
75 816
280 210
674 62
716 677
110 423
154 48
357 162
527 186
103 841
552 131
842 347
421 614
506 74
583 548
569 635
327 490
617 588
84 663
89 145
717 815
121 91
124 480
107 88
843 300
402 788
330 201
221 215
482 195
44 148
236 198
533 168
364 472
796 621
157 793
234 377
250 102
213 850
824 703
862 161
537 363
3 790
667 490
602 41
52 583
227 216
368 367
791 545
561 430
10 444
